1510.00000 1510.00440
1510.03000 1510.03470
1510.06000 1510.06490
1510.09000 1510.09480
1510.12000 1510.12490
1510.15000 1510.15510
1510.18000 1510.18500
1510.21000 1510.21460
1510.24000 1510.24410
1510.27000 1510.27440
1510.30000 1510.30450
1510.33000 1510.33450
1510.36000 1510.36460
1510.39000 1510.39500
1510.42000 1510.42490
1510.45000 1510.45470
1510.48000 1510.48430
1510.51000 1510.51430
1510.54000 1510.54460
1510.57000 1510.57470
1510.60000 1510.60480
1510.63000 1510.63490
1510.66000 1510.66520
1510.69000 1510.69490
1510.72000 1510.72450
1510.75000 1510.75440
1510.78000 1510.78430
1510.81000 1510.81450
1510.84000 1510.84450
1510.87000 1510.87470
1510.90000 1510.90480
1510.93000 1510.93490
1510.96000 1510.96470
1510.99000 1510.99420
1511.02000 1511.02440
1511.05000 1511.05450
1511.08000 1511.08480
1511.11000 1511.11480
1511.14000 1511.14490
1511.17000 1511.17510
1511.20000 1511.20480
1511.23000 1511.23480
1511.26000 1511.26400
1511.29000 1511.29410
1511.32000 1511.32460
1511.35000 1511.35450
1511.38000 1511.38480
1511.41000 1511.41490
1511.44000 1511.44490
1511.47000 1511.47490
1511.50000 1511.50450
1511.53000 1511.53440
1511.56000 1511.56460
1511.59000 1511.59490
1511.62000 1511.62480
1511.65000 1511.65500
1511.68000 1511.68490
1511.71000 1511.71490
1511.74000 1511.74460
1511.77000 1511.77420
1511.80000 1511.80440
1511.83000 1511.83480
1511.86000 1511.86470
1511.89000 1511.89480
1511.92000 1511.92490
1511.95000 1511.95500
1511.98000 1511.98480
1512.01000 1512.01460
1512.04000 1512.04440
1512.07000 1512.07470
1512.10000 1512.10490
1512.13000 1512.13500
1512.16000 1512.16510
1512.19000 1512.19490
1512.22000 1512.22510
1512.25000 1512.25490
1512.28000 1512.28440
1512.31000 1512.31450
1512.34000 1512.34470
1512.37000 1512.37490
1512.40000 1512.40480
1512.43000 1512.43510
1512.46000 1512.46520
1512.49000 1512.49490
1512.52000 1512.52460
1512.55000 1512.55470
1512.58000 1512.58480
1512.61000 1512.61500
1512.64000 1512.64490
1512.67000 1512.67510
1512.70000 1512.70520
1512.73000 1512.73500
1512.76000 1512.76470
1512.79000 1512.79440
1512.82000 1512.82480
1512.85000 1512.85470
1512.88000 1512.88490
1512.91000 1512.91510
1512.94000 1512.94510
1512.97000 1512.97500
1513.00000 1513.00500
1513.03000 1513.03470
1513.06000 1513.06470
1513.09000 1513.09490
1513.12000 1513.12510
1513.15000 1513.15510
1513.18000 1513.18530
1513.21000 1513.21520
1513.24000 1513.24530
1513.27000 1513.27500
1513.30000 1513.30440
1513.33000 1513.33480
1513.36000 1513.36500
1513.39000 1513.39490
1513.42000 1513.42500
1513.45000 1513.45530
1513.48000 1513.48520
1513.51000 1513.51500
1513.54000 1513.54470
1513.57000 1513.57480
1513.60000 1513.60490
1513.63000 1513.63510
1513.66000 1513.66520
1513.69000 1513.69520
1513.72000 1513.72520
1513.75000 1513.75520
1513.78000 1513.78490
1513.81000 1513.81460
1513.84000 1513.84470
1513.87000 1513.87500
1513.90000 1513.90500
1513.93000 1513.93520
1513.96000 1513.96520
1513.99000 1513.99520
1514.02000 1514.02500
1514.05000 1514.05480
1514.08000 1514.08490
1514.11000 1514.11500
1514.14000 1514.14520
1514.17000 1514.17500
1514.20000 1514.20530
1514.23000 1514.23520
1514.26000 1514.26530
1514.29000 1514.29490
1514.32000 1514.32460
1514.35000 1514.35470
1514.38000 1514.38510
1514.41000 1514.41510
1514.44000 1514.44500
1514.47000 1514.47530
1514.50000 1514.50520
1514.53000 1514.53500
1514.56000 1514.56470
1514.59000 1514.59460
1514.62000 1514.62510
1514.65000 1514.65520
1514.68000 1514.68500
1514.71000 1514.71520
1514.74000 1514.74540
1514.77000 1514.77510
1514.80000 1514.80480
1514.83000 1514.83470
1514.86000 1514.86480
1514.89000 1514.89510
1514.92000 1514.92490
1514.95000 1514.95510
1514.98000 1514.98500
1515.01000 1515.01520
1515.04000 1515.04500
1515.07000 1515.07470
1515.10000 1515.10460
1515.13000 1515.13480
1515.16000 1515.16510
1515.19000 1515.19510
1515.22000 1515.22520
1515.25000 1515.25510
1515.28000 1515.28520
1515.31000 1515.31490
1515.34000 1515.34450
1515.37000 1515.37470
1515.40000 1515.40510
1515.43000 1515.43500
1515.46000 1515.46490
1515.49000 1515.49490
1515.52000 1515.52520
1515.55000 1515.55480
1515.58000 1515.58450
1515.61000 1515.61460
1515.64000 1515.64500
1515.67000 1515.67490
1515.70000 1515.70480
1515.73000 1515.73510
1515.76000 1515.76510
1515.79000 1515.79510
1515.82000 1515.82470
1515.85000 1515.85430
1515.88000 1515.88480
1515.91000 1515.91470
1515.94000 1515.94490
1515.97000 1515.97480
1516.00000 1516.00480
1516.03000 1516.03490
1516.06000 1516.06470
1516.09000 1516.09450
1516.12000 1516.12450
1516.15000 1516.15500
1516.18000 1516.18510
1516.21000 1516.21500
1516.24000 1516.24480
1516.27000 1516.27490
1516.30000 1516.30500
1516.33000 1516.33470
1516.36000 1516.36440
1516.39000 1516.39470
1516.42000 1516.42480
1516.45000 1516.45490
1516.48000 1516.48460
1516.51000 1516.51490
1516.54000 1516.54510
1516.57000 1516.57480
1516.60000 1516.60460
1516.63000 1516.63460
1516.66000 1516.66480
1516.69000 1516.69490
1516.72000 1516.72490
1516.75000 1516.75510
1516.78000 1516.78510
1516.81000 1516.81510
1516.84000 1516.84480
1516.87000 1516.87430
1516.90000 1516.90480
1516.93000 1516.93480
1516.96000 1516.96510
1516.99000 1516.99480
1517.02000 1517.02490
1517.05000 1517.05510
1517.08000 1517.08510
1517.11000 1517.11460
1517.14000 1517.14450
1517.17000 1517.17490
1517.20000 1517.20490
1517.23000 1517.23500
1517.26000 1517.26480
1517.29000 1517.29490
1517.32000 1517.32510
1517.35000 1517.35470
1517.38000 1517.38440
1517.41000 1517.41460
1517.44000 1517.44510
1517.47000 1517.47480
1517.50000 1517.50470
1517.53000 1517.53480
1517.56000 1517.56510
1517.59000 1517.59470
1517.62000 1517.62460
1517.65000 1517.65460
1517.68000 1517.68470
1517.71000 1517.71490
1517.74000 1517.74490
1517.77000 1517.77490
1517.80000 1517.80500
1517.83000 1517.83490
1517.86000 1517.86490
1517.89000 1517.89460
1517.92000 1517.92450
1517.95000 1517.95480
1517.98000 1517.98500
1518.01000 1518.01490
1518.04000 1518.04480
1518.07000 1518.07490
1518.10000 1518.10500
1518.13000 1518.13480
1518.16000 1518.16450
1518.19000 1518.19470
1518.22000 1518.22490
1518.25000 1518.25490
1518.28000 1518.28470
1518.31000 1518.31500
1518.34000 1518.34500
1518.37000 1518.37490
1518.40000 1518.40440
1518.43000 1518.43460
1518.46000 1518.46500
1518.49000 1518.49490
1518.52000 1518.52480
1518.55000 1518.55480
1518.58000 1518.58490
1518.61000 1518.61480
1518.64000 1518.64450
1518.67000 1518.67440
1518.70000 1518.70480
1518.73000 1518.73500
1518.76000 1518.76490
1518.79000 1518.79500
1518.82000 1518.82500
1518.85000 1518.85500
1518.88000 1518.88490
1518.91000 1518.91450
1518.94000 1518.94440
1518.97000 1518.97480
1519.00000 1519.00490
1519.03000 1519.03470
1519.06000 1519.06480
1519.09000 1519.09480
1519.12000 1519.12500
1519.15000 1519.15450
1519.18000 1519.18430
1519.21000 1519.21460
1519.24000 1519.24510
1519.27000 1519.27490
1519.30000 1519.30490
1519.33000 1519.33470
1519.36000 1519.36490
1519.39000 1519.39480
1519.42000 1519.42440
1519.45000 1519.45450
1519.48000 1519.48490
1519.51000 1519.51470
1519.54000 1519.54490
1519.57000 1519.57480
1519.60000 1519.60490
1519.63000 1519.63490
1519.66000 1519.66480
1519.69000 1519.69460
1519.72000 1519.72480
1519.75000 1519.75490
1519.78000 1519.78500
1519.81000 1519.81490
1519.84000 1519.84510
1519.87000 1519.87500
1519.90000 1519.90500
1519.93000 1519.93480
1519.96000 1519.96450
1519.99000 1519.99490
1520.02000 1520.02510
1520.05000 1520.05510
1520.08000 1520.08490
1520.11000 1520.11490
1520.14000 1520.14500
1520.17000 1520.17490
1520.20000 1520.20460
1520.23000 1520.23480
1520.26000 1520.26500
1520.29000 1520.29500
1520.32000 1520.32510
1520.35000 1520.35500
1520.38000 1520.38500
1520.41000 1520.41510
1520.44000 1520.44470
1520.47000 1520.47450
1520.50000 1520.50480
1520.53000 1520.53490
1520.56000 1520.56490
1520.59000 1520.59480
1520.62000 1520.62500
1520.65000 1520.65510
1520.68000 1520.68480
1520.71000 1520.71450
1520.74000 1520.74450
1520.77000 1520.77480
1520.80000 1520.80510
1520.83000 1520.83490
1520.86000 1520.86490
1520.89000 1520.89490
1520.92000 1520.92490
1520.95000 1520.95470
1520.98000 1520.98450
1521.01000 1521.01480
1521.04000 1521.04480
1521.07000 1521.07490
1521.10000 1521.10480
1521.13000 1521.13480
1521.16000 1521.16500
1521.19000 1521.19490
1521.22000 1521.22460
1521.25000 1521.25450
1521.28000 1521.28480
1521.31000 1521.31490
1521.34000 1521.34510
1521.37000 1521.37490
1521.40000 1521.40500
1521.43000 1521.43490
1521.46000 1521.46480
1521.49000 1521.49450
1521.52000 1521.52470
1521.55000 1521.55460
1521.58000 1521.58480
1521.61000 1521.61490
1521.64000 1521.64480
1521.67000 1521.67490
1521.70000 1521.70490
1521.73000 1521.73470
1521.76000 1521.76460
1521.79000 1521.79480
1521.82000 1521.82500
1521.85000 1521.85510
1521.88000 1521.88490
1521.91000 1521.91500
1521.94000 1521.94500
1521.97000 1521.97490
1522.00000 1522.00450
1522.03000 1522.03460
1522.06000 1522.06490
1522.09000 1522.09480
1522.12000 1522.12480
1522.15000 1522.15480
1522.18000 1522.18490
1522.21000 1522.21490
1522.24000 1522.24490
1522.27000 1522.27470
1522.30000 1522.30470
1522.33000 1522.33500
1522.36000 1522.36500
1522.39000 1522.39490
1522.42000 1522.42500
1522.45000 1522.45480
1522.48000 1522.48480
1522.51000 1522.51470
1522.54000 1522.54460
1522.57000 1522.57470
1522.60000 1522.60490
1522.63000 1522.63480
1522.66000 1522.66490
1522.69000 1522.69490
1522.72000 1522.72500
1522.75000 1522.75480
1522.78000 1522.78460
1522.81000 1522.81480
1522.84000 1522.84510
1522.87000 1522.87510
1522.90000 1522.90490
1522.93000 1522.93480
1522.96000 1522.96480
1522.99000 1522.99500
1523.02000 1523.02450
1523.05000 1523.05460
1523.08000 1523.08490
1523.11000 1523.11490
1523.14000 1523.14500
1523.17000 1523.17480
1523.20000 1523.20490
1523.23000 1523.23490
1523.26000 1523.26500
1523.29000 1523.29450
1523.32000 1523.32470
1523.35000 1523.35490
1523.38000 1523.38500
1523.41000 1523.41500
1523.44000 1523.44490
1523.47000 1523.47490
1523.50000 1523.50490
1523.53000 1523.53470
1523.56000 1523.56470
1523.59000 1523.59480
1523.62000 1523.62490
1523.65000 1523.65510
1523.68000 1523.68480
1523.71000 1523.71480
1523.74000 1523.74510
1523.77000 1523.77480
1523.80000 1523.80460
1523.83000 1523.83480
1523.86000 1523.86480
1523.89000 1523.89490
1523.92000 1523.92500
1523.95000 1523.95500
1523.98000 1523.98480
1524.01000 1524.01490
1524.04000 1524.04480
1524.07000 1524.07460
1524.10000 1524.10470
1524.13000 1524.13490
1524.16000 1524.16500
1524.19000 1524.19490
1524.22000 1524.22480
1524.25000 1524.25480
1524.28000 1524.28480
1524.31000 1524.31470
1524.34000 1524.34460
1524.37000 1524.37480
1524.40000 1524.40490
1524.43000 1524.43500
1524.46000 1524.46490
1524.49000 1524.49490
1524.52000 1524.52490
1524.55000 1524.55490
1524.58000 1524.58450
1524.61000 1524.61470
1524.64000 1524.64490
1524.67000 1524.67500
1524.70000 1524.70480
1524.73000 1524.73480
1524.76000 1524.76490
1524.79000 1524.79490
1524.82000 1524.82490
1524.85000 1524.85460
1524.88000 1524.88470
1524.91000 1524.91480
1524.94000 1524.94490
1524.97000 1524.97490
1525.00000 1525.00490
1525.03000 1525.03490
1525.06000 1525.06470
1525.09000 1525.09450
1525.12000 1525.12460
1525.15000 1525.15480
1525.18000 1525.18500
1525.21000 1525.21490
1525.24000 1525.24480
1525.27000 1525.27450
1525.30000 1525.30480
1525.33000 1525.33480
1525.36000 1525.36460
1525.39000 1525.39470
1525.42000 1525.42480
1525.45000 1525.45480
1525.48000 1525.48490
1525.51000 1525.51490
1525.54000 1525.54480
1525.57000 1525.57480
1525.60000 1525.60460
1525.63000 1525.63460
1525.66000 1525.66480
1525.69000 1525.69490
1525.72000 1525.72500
1525.75000 1525.75480
1525.78000 1525.78460
1525.81000 1525.81470
1525.84000 1525.84480
1525.87000 1525.87460
1525.90000 1525.90460
1525.93000 1525.93500
1525.96000 1525.96500
1525.99000 1525.99500
1526.02000 1526.02480
1526.05000 1526.05470
1526.08000 1526.08480
1526.11000 1526.11460
1526.14000 1526.14430
1526.17000 1526.17460
1526.20000 1526.20490
1526.23000 1526.23500
1526.26000 1526.26480
1526.29000 1526.29480
1526.32000 1526.32460
1526.35000 1526.35480
1526.38000 1526.38470
1526.41000 1526.41450
1526.44000 1526.44470
1526.47000 1526.47490
1526.50000 1526.50490
1526.53000 1526.53490
1526.56000 1526.56470
1526.59000 1526.59470
1526.62000 1526.62470
1526.65000 1526.65440
1526.68000 1526.68450
1526.71000 1526.71490
1526.74000 1526.74490
1526.77000 1526.77490
1526.80000 1526.80470
1526.83000 1526.83470
1526.86000 1526.86470
1526.89000 1526.89470
1526.92000 1526.92440
1526.95000 1526.95470
1526.98000 1526.98490
1527.01000 1527.01480
1527.04000 1527.04470
1527.07000 1527.07480
1527.10000 1527.10470
1527.13000 1527.13480
1527.16000 1527.16460
1527.19000 1527.19430
1527.22000 1527.22460
1527.25000 1527.25490
1527.28000 1527.28490
1527.31000 1527.31470
1527.34000 1527.34460
1527.37000 1527.37470
1527.40000 1527.40460
1527.43000 1527.43440
1527.46000 1527.46460
1527.49000 1527.49470
1527.52000 1527.52480
1527.55000 1527.55470
1527.58000 1527.58460
1527.61000 1527.61470
1527.64000 1527.64480
1527.67000 1527.67440
1527.70000 1527.70430
1527.73000 1527.73460
1527.76000 1527.76490
1527.79000 1527.79460
1527.82000 1527.82460
1527.85000 1527.85460
1527.88000 1527.88460
1527.91000 1527.91450
1527.94000 1527.94460
1527.97000 1527.97450
1528.00000 1528.00470
1528.03000 1528.03460
1528.06000 1528.06480
1528.09000 1528.09470
1528.12000 1528.12480
1528.15000 1528.15470
1528.18000 1528.18450
1528.21000 1528.21430
1528.24000 1528.24440
1528.27000 1528.27480
1528.30000 1528.30470
1528.33000 1528.33480
1528.36000 1528.36460
1528.39000 1528.39450
1528.42000 1528.42450
1528.45000 1528.45440
1528.48000 1528.48440
1528.51000 1528.51460
1528.54000 1528.54480
1528.57000 1528.57450
1528.60000 1528.60470
1528.63000 1528.63470
1528.66000 1528.66450
1528.69000 1528.69440
1528.72000 1528.72440
1528.75000 1528.75430
1528.78000 1528.78470
1528.81000 1528.81480
1528.84000 1528.84470
1528.87000 1528.87460
1528.90000 1528.90450
1528.93000 1528.93450
1528.96000 1528.96450
1528.99000 1528.99440
1529.02000 1529.02450
1529.05000 1529.05460
1529.08000 1529.08480
1529.11000 1529.11460
1529.14000 1529.14460
1529.17000 1529.17460
1529.20000 1529.20450
1529.23000 1529.23440
1529.26000 1529.26420
1529.29000 1529.29430
1529.32000 1529.32470
1529.35000 1529.35460
1529.38000 1529.38460
1529.41000 1529.41450
1529.44000 1529.44440
1529.47000 1529.47460
1529.50000 1529.50430
1529.53000 1529.53450
1529.56000 1529.56450
1529.59000 1529.59460
1529.62000 1529.62450
1529.65000 1529.65480
1529.68000 1529.68450
1529.71000 1529.71460
1529.74000 1529.74430
1529.77000 1529.77430
1529.80000 1529.80430
1529.83000 1529.83460
1529.86000 1529.86490
1529.89000 1529.89450
1529.92000 1529.92440
1529.95000 1529.95440
1529.98000 1529.98470
1530.01000 1530.01430
1530.04000 1530.04420
1530.07000 1530.07450
1530.10000 1530.10470
1530.13000 1530.13470
1530.16000 1530.16460
1530.19000 1530.19450
1530.22000 1530.22440
1530.25000 1530.25430
1530.28000 1530.28420
1530.31000 1530.31420
1530.34000 1530.34450
1530.37000 1530.37470
1530.40000 1530.40460
1530.43000 1530.43460
1530.46000 1530.46440
1530.49000 1530.49460
1530.52000 1530.52440
1530.55000 1530.55420
1530.58000 1530.58420
1530.61000 1530.61460
1530.64000 1530.64450
1530.67000 1530.67430
1530.70000 1530.70460
1530.73000 1530.73450
1530.76000 1530.76460
1530.79000 1530.79430
1530.82000 1530.82410
1530.85000 1530.85440
1530.88000 1530.88490
1530.91000 1530.91460
1530.94000 1530.94460
1530.97000 1530.97460
1531.00000 1531.00430
1531.03000 1531.03450
1531.06000 1531.06440
1531.09000 1531.09430
1531.12000 1531.12450
1531.15000 1531.15460
1531.18000 1531.18470
1531.21000 1531.21450
1531.24000 1531.24460
1531.27000 1531.27450
1531.30000 1531.30430
1531.33000 1531.33430
1531.36000 1531.36430
1531.39000 1531.39460
1531.42000 1531.42470
1531.45000 1531.45450
1531.48000 1531.48440
1531.51000 1531.51440
1531.54000 1531.54450
1531.57000 1531.57430
1531.60000 1531.60420
1531.63000 1531.63430
1531.66000 1531.66450
1531.69000 1531.69450
1531.72000 1531.72460
1531.75000 1531.75450
1531.78000 1531.78460
1531.81000 1531.81440
1531.84000 1531.84430
1531.87000 1531.87420
1531.90000 1531.90440
1531.93000 1531.93470
1531.96000 1531.96470
1531.99000 1531.99460
1532.02000 1532.02440
1532.05000 1532.05450
1532.08000 1532.08440
1532.11000 1532.11430
1532.14000 1532.14430
1532.17000 1532.17460
1532.20000 1532.20450
1532.23000 1532.23440
1532.26000 1532.26470
1532.29000 1532.29440
1532.32000 1532.32450
1532.35000 1532.35430
1532.38000 1532.38410
1532.41000 1532.41430
1532.44000 1532.44450
1532.47000 1532.47460
1532.50000 1532.50450
1532.53000 1532.53460
1532.56000 1532.56440
1532.59000 1532.59430
1532.62000 1532.62420
1532.65000 1532.65440
1532.68000 1532.68430
1532.71000 1532.71450
1532.74000 1532.74440
1532.77000 1532.77460
1532.80000 1532.80450
1532.83000 1532.83440
1532.86000 1532.86440
1532.89000 1532.89440
1532.92000 1532.92410
1532.95000 1532.95440
1532.98000 1532.98470
1533.01000 1533.01450
1533.04000 1533.04440
1533.07000 1533.07450
1533.10000 1533.10440
1533.13000 1533.13440
1533.16000 1533.16440
1533.19000 1533.19440
1533.22000 1533.22460
1533.25000 1533.25460
1533.28000 1533.28440
1533.31000 1533.31470
1533.34000 1533.34450
1533.37000 1533.37440
1533.40000 1533.40440
1533.43000 1533.43430
1533.46000 1533.46430
1533.49000 1533.49460
1533.52000 1533.52450
1533.55000 1533.55440
1533.58000 1533.58440
1533.61000 1533.61460
1533.64000 1533.64450
1533.67000 1533.67430
1533.70000 1533.70430
1533.73000 1533.73440
1533.76000 1533.76480
1533.79000 1533.79440
1533.82000 1533.82450
1533.85000 1533.85450
1533.88000 1533.88440
1533.91000 1533.91430
1533.94000 1533.94430
1533.97000 1533.97430
1534.00000 1534.00450
1534.03000 1534.03480
1534.06000 1534.06460
1534.09000 1534.09460
1534.12000 1534.12450
1534.15000 1534.15440
1534.18000 1534.18460
1534.21000 1534.21440
1534.24000 1534.24420
1534.27000 1534.27470
1534.30000 1534.30450
1534.33000 1534.33450
1534.36000 1534.36450
1534.39000 1534.39430
1534.42000 1534.42430
1534.45000 1534.45420
1534.48000 1534.48430
1534.51000 1534.51430
1534.54000 1534.54470
1534.57000 1534.57460
1534.60000 1534.60440
1534.63000 1534.63440
1534.66000 1534.66450
1534.69000 1534.69450
1534.72000 1534.72450
1534.75000 1534.75430
1534.78000 1534.78450
1534.81000 1534.81450
1534.84000 1534.84460
1534.87000 1534.87450
1534.90000 1534.90430
1534.93000 1534.93460
1534.96000 1534.96450
1534.99000 1534.99420
1535.02000 1535.02420
1535.05000 1535.05460
1535.08000 1535.08470
1535.11000 1535.11470
1535.14000 1535.14440
1535.17000 1535.17430
1535.20000 1535.20450
1535.23000 1535.23460
1535.26000 1535.26460
1535.29000 1535.29440
1535.32000 1535.32440
1535.35000 1535.35450
1535.38000 1535.38460
1535.41000 1535.41460
1535.44000 1535.44440
1535.47000 1535.47440
1535.50000 1535.50450
1535.53000 1535.53440
1535.56000 1535.56450
1535.59000 1535.59460
1535.62000 1535.62450
1535.65000 1535.65450
1535.68000 1535.68450
1535.71000 1535.71450
1535.74000 1535.74450
1535.77000 1535.77440
1535.80000 1535.80440
1535.83000 1535.83430
1535.86000 1535.86460
1535.89000 1535.89450
1535.92000 1535.92460
1535.95000 1535.95470
1535.98000 1535.98450
1536.01000 1536.01440
1536.04000 1536.04440
1536.07000 1536.07430
1536.10000 1536.10450
1536.13000 1536.13470
1536.16000 1536.16470
1536.19000 1536.19470
1536.22000 1536.22450
1536.25000 1536.25470
1536.28000 1536.28460
1536.31000 1536.31440
1536.34000 1536.34450
1536.37000 1536.37440
1536.40000 1536.40460
1536.43000 1536.43450
1536.46000 1536.46440
1536.49000 1536.49450
1536.52000 1536.52450
1536.55000 1536.55450
1536.58000 1536.58430
1536.61000 1536.61430
1536.64000 1536.64460
1536.67000 1536.67470
1536.70000 1536.70460
1536.73000 1536.73470
1536.76000 1536.76440
1536.79000 1536.79460
1536.82000 1536.82450
1536.85000 1536.85450
1536.88000 1536.88430
1536.91000 1536.91460
1536.94000 1536.94460
1536.97000 1536.97450
1537.00000 1537.00460
1537.03000 1537.03430
1537.06000 1537.06450
1537.09000 1537.09440
1537.12000 1537.12440
1537.15000 1537.15450
1537.18000 1537.18480
1537.21000 1537.21460
1537.24000 1537.24460
1537.27000 1537.27460
1537.30000 1537.30440
1537.33000 1537.33450
1537.36000 1537.36450
1537.39000 1537.39440
1537.42000 1537.42450
1537.45000 1537.45470
1537.48000 1537.48440
1537.51000 1537.51450
1537.54000 1537.54440
1537.57000 1537.57440
1537.60000 1537.60430
1537.63000 1537.63440
1537.66000 1537.66430
1537.69000 1537.69470
1537.72000 1537.72490
1537.75000 1537.75470
1537.78000 1537.78460
1537.81000 1537.81440
1537.84000 1537.84470
1537.87000 1537.87450
1537.90000 1537.90450
1537.93000 1537.93440
1537.96000 1537.96480
1537.99000 1537.99470
1538.02000 1538.02470
1538.05000 1538.05450
1538.08000 1538.08450
1538.11000 1538.11450
1538.14000 1538.14450
1538.17000 1538.17430
1538.20000 1538.20450
1538.23000 1538.23460
1538.26000 1538.26480
1538.29000 1538.29460
1538.32000 1538.32450
1538.35000 1538.35460
1538.38000 1538.38460
1538.41000 1538.41470
1538.44000 1538.44450
1538.47000 1538.47450
1538.50000 1538.50450
1538.53000 1538.53460
1538.56000 1538.56460
1538.59000 1538.59440
1538.62000 1538.62460
1538.65000 1538.65440
1538.68000 1538.68430
1538.71000 1538.71440
1538.74000 1538.74480
1538.77000 1538.77470
1538.80000 1538.80480
1538.83000 1538.83470
1538.86000 1538.86460
1538.89000 1538.89440
1538.92000 1538.92440
1538.95000 1538.95460
1538.98000 1538.98450
1539.01000 1539.01470
1539.04000 1539.04480
1539.07000 1539.07470
1539.10000 1539.10450
1539.13000 1539.13440
1539.16000 1539.16460
1539.19000 1539.19440
1539.22000 1539.22440
1539.25000 1539.25460
1539.28000 1539.28470
1539.31000 1539.31490
1539.34000 1539.34470
1539.37000 1539.37460
1539.40000 1539.40450
1539.43000 1539.43460
1539.46000 1539.46460
1539.49000 1539.49460
1539.52000 1539.52460
1539.55000 1539.55450
1539.58000 1539.58460
1539.61000 1539.61450
1539.64000 1539.64460
1539.67000 1539.67440
1539.70000 1539.70420
1539.73000 1539.73440
1539.76000 1539.76460
1539.79000 1539.79470
1539.82000 1539.82480
1539.85000 1539.85470
1539.88000 1539.88480
1539.91000 1539.91460
1539.94000 1539.94450
1539.97000 1539.97450
1540.00000 1540.00450
1540.03000 1540.03440
1540.06000 1540.06460
1540.09000 1540.09470
1540.12000 1540.12460
1540.15000 1540.15450
1540.18000 1540.18450
1540.21000 1540.21450
1540.24000 1540.24450
1540.27000 1540.27450
1540.30000 1540.30470
1540.33000 1540.33470
1540.36000 1540.36500
1540.39000 1540.39460
1540.42000 1540.42450
1540.45000 1540.45440
1540.48000 1540.48470
1540.51000 1540.51480
1540.54000 1540.54450
1540.57000 1540.57450
1540.60000 1540.60480
1540.63000 1540.63470
1540.66000 1540.66470
1540.69000 1540.69460
1540.72000 1540.72440
1540.75000 1540.75440
1540.78000 1540.78450
1540.81000 1540.81450
1540.84000 1540.84480
1540.87000 1540.87500
1540.90000 1540.90480
1540.93000 1540.93470
1540.96000 1540.96460
1540.99000 1540.99450
1541.02000 1541.02480
1541.05000 1541.05460
1541.08000 1541.08450
1541.11000 1541.11460
1541.14000 1541.14480
1541.17000 1541.17480
1541.20000 1541.20460
1541.23000 1541.23450
1541.26000 1541.26440
1541.29000 1541.29470
1541.32000 1541.32460
1541.35000 1541.35470
1541.38000 1541.38460
1541.41000 1541.41500
1541.44000 1541.44490
1541.47000 1541.47470
1541.50000 1541.50450
1541.53000 1541.53460
1541.56000 1541.56460
1541.59000 1541.59470
1541.62000 1541.62470
1541.65000 1541.65480
1541.68000 1541.68470
1541.71000 1541.71470
1541.74000 1541.74470
1541.77000 1541.77450
1541.80000 1541.80450
1541.83000 1541.83440
1541.86000 1541.86450
1541.89000 1541.89490
1541.92000 1541.92490
1541.95000 1541.95500
1541.98000 1541.98480
1542.01000 1542.01470
1542.04000 1542.04460
1542.07000 1542.07480
1542.10000 1542.10460
1542.13000 1542.13440
1542.16000 1542.16450
1542.19000 1542.19490
1542.22000 1542.22480
1542.25000 1542.25480
1542.28000 1542.28440
1542.31000 1542.31450
1542.34000 1542.34450
1542.37000 1542.37460
1542.40000 1542.40460
1542.43000 1542.43460
1542.46000 1542.46480
1542.49000 1542.49490
1542.52000 1542.52490
1542.55000 1542.55450
1542.58000 1542.58460
1542.61000 1542.61460
1542.64000 1542.64470
1542.67000 1542.67460
1542.70000 1542.70480
1542.73000 1542.73480
1542.76000 1542.76450
1542.79000 1542.79460
1542.82000 1542.82450
1542.85000 1542.85460
1542.88000 1542.88470
1542.91000 1542.91480
1542.94000 1542.94470
1542.97000 1542.97480
1543.00000 1543.00500
1543.03000 1543.03500
1543.06000 1543.06460
1543.09000 1543.09450
1543.12000 1543.12480
1543.15000 1543.15480
1543.18000 1543.18440
1543.21000 1543.21460
1543.24000 1543.24460
1543.27000 1543.27480
1543.30000 1543.30460
1543.33000 1543.33450
1543.36000 1543.36460
1543.39000 1543.39450
1543.42000 1543.42460
1543.45000 1543.45470
1543.48000 1543.48480
1543.51000 1543.51480
1543.54000 1543.54500
1543.57000 1543.57480
1543.60000 1543.60450
1543.63000 1543.63460
1543.66000 1543.66460
1543.69000 1543.69460
1543.72000 1543.72450
1543.75000 1543.75460
1543.78000 1543.78490
1543.81000 1543.81470
1543.84000 1543.84470
1543.87000 1543.87440
1543.90000 1543.90450
1543.93000 1543.93470
1543.96000 1543.96440
1543.99000 1543.99450
1544.02000 1544.02480
1544.05000 1544.05480
1544.08000 1544.08490
1544.11000 1544.11480
1544.14000 1544.14450
1544.17000 1544.17420
1544.20000 1544.20470
1544.23000 1544.23470
1544.26000 1544.26470
1544.29000 1544.29480
1544.32000 1544.32490
1544.35000 1544.35470
1544.38000 1544.38470
1544.41000 1544.41440
1544.44000 1544.44450
1544.47000 1544.47470
1544.50000 1544.50460
1544.53000 1544.53470
1544.56000 1544.56480
1544.59000 1544.59490
1544.62000 1544.62480
1544.65000 1544.65460
1544.68000 1544.68440
1544.71000 1544.71450
1544.74000 1544.74480
1544.77000 1544.77460
1544.80000 1544.80480
1544.83000 1544.83470
1544.86000 1544.86500
1544.89000 1544.89500
1544.92000 1544.92460
1544.95000 1544.95450
1544.98000 1544.98460
1545.01000 1545.01450
1545.04000 1545.04460
1545.07000 1545.07490
1545.10000 1545.10490
1545.13000 1545.13490
1545.16000 1545.16470
1545.19000 1545.19470
1545.22000 1545.22480
1545.25000 1545.25480
1545.28000 1545.28460
1545.31000 1545.31440
1545.34000 1545.34460
1545.37000 1545.37490
1545.40000 1545.40490
1545.43000 1545.43480
1545.46000 1545.46470
1545.49000 1545.49450
1545.52000 1545.52480
1545.55000 1545.55470
1545.58000 1545.58460
1545.61000 1545.61470
1545.64000 1545.64500
1545.67000 1545.67500
1545.70000 1545.70470
1545.73000 1545.73460
1545.76000 1545.76450
1545.79000 1545.79460
1545.82000 1545.82440
1545.85000 1545.85460
1545.88000 1545.88480
1545.91000 1545.91490
1545.94000 1545.94470
1545.97000 1545.97470
1546.00000 1546.00460
1546.03000 1546.03450
1546.06000 1546.06470
1546.09000 1546.09460
1546.12000 1546.12470
1546.15000 1546.15480
1546.18000 1546.18480
1546.21000 1546.21500
1546.24000 1546.24490
1546.27000 1546.27470
1546.30000 1546.30450
1546.33000 1546.33470
1546.36000 1546.36480
1546.39000 1546.39470
1546.42000 1546.42480
1546.45000 1546.45460
1546.48000 1546.48470
1546.51000 1546.51480
1546.54000 1546.54460
1546.57000 1546.57460
1546.60000 1546.60460
1546.63000 1546.63450
1546.66000 1546.66460
1546.69000 1546.69490
1546.72000 1546.72500
1546.75000 1546.75480
1546.78000 1546.78460
1546.81000 1546.81460
1546.84000 1546.84450
1546.87000 1546.87460
1546.90000 1546.90460
1546.93000 1546.93480
1546.96000 1546.96490
1546.99000 1546.99490
1547.02000 1547.02490
1547.05000 1547.05470
1547.08000 1547.08460
1547.11000 1547.11460
1547.14000 1547.14460
1547.17000 1547.17470
1547.20000 1547.20500
1547.23000 1547.23490
1547.26000 1547.26500
1547.29000 1547.29470
1547.32000 1547.32480
1547.35000 1547.35470
1547.38000 1547.38460
1547.41000 1547.41460
1547.44000 1547.44470
1547.47000 1547.47460
1547.50000 1547.50490
1547.53000 1547.53480
1547.56000 1547.56500
1547.59000 1547.59490
1547.62000 1547.62440
1547.65000 1547.65460
1547.68000 1547.68460
1547.71000 1547.71480
1547.74000 1547.74480
1547.77000 1547.77480
1547.80000 1547.80470
1547.83000 1547.83480
1547.86000 1547.86470
1547.89000 1547.89480
1547.92000 1547.92470
1547.95000 1547.95450
1547.98000 1547.98440
1548.01000 1548.01470
1548.04000 1548.04500
1548.07000 1548.07500
1548.10000 1548.10480
1548.13000 1548.13480
1548.16000 1548.16450
1548.19000 1548.19460
1548.22000 1548.22460
1548.25000 1548.25470
1548.28000 1548.28480
1548.31000 1548.31460
1548.34000 1548.34460
1548.37000 1548.37470
1548.40000 1548.40470
1548.43000 1548.43450
1548.46000 1548.46460
1548.49000 1548.49430
1548.52000 1548.52470
1548.55000 1548.55480
1548.58000 1548.58480
1548.61000 1548.61470
1548.64000 1548.64460
1548.67000 1548.67450
1548.70000 1548.70460
1548.73000 1548.73460
1548.76000 1548.76460
1548.79000 1548.79470
1548.82000 1548.82470
1548.85000 1548.85450
1548.88000 1548.88470
1548.91000 1548.91480
1548.94000 1548.94460
1548.97000 1548.97450
1549.00000 1549.00440
1549.03000 1549.03420
1549.06000 1549.06470
1549.09000 1549.09490
1549.12000 1549.12470
1549.15000 1549.15470
1549.18000 1549.18470
1549.21000 1549.21470
1549.24000 1549.24450
1549.27000 1549.27450
1549.30000 1549.30460
1549.33000 1549.33480
1549.36000 1549.36460
1549.39000 1549.39470
1549.42000 1549.42480
1549.45000 1549.45490
1549.48000 1549.48450
1549.51000 1549.51440
1549.54000 1549.54440
1549.57000 1549.57450
1549.60000 1549.60460
1549.63000 1549.63490
1549.66000 1549.66480
1549.69000 1549.69480
1549.72000 1549.72450
1549.75000 1549.75460
1549.78000 1549.78450
1549.81000 1549.81460
1549.84000 1549.84440
1549.87000 1549.87480
1549.90000 1549.90460
1549.93000 1549.93480
1549.96000 1549.96480
1549.99000 1549.99460
1550.02000 1550.02450
1550.05000 1550.05450
1550.08000 1550.08440
1550.11000 1550.11460
1550.14000 1550.14470
1550.17000 1550.17490
1550.20000 1550.20480
1550.23000 1550.23480
1550.26000 1550.26480
1550.29000 1550.29450
1550.32000 1550.32450
1550.35000 1550.35460
1550.38000 1550.38440
1550.41000 1550.41480
1550.44000 1550.44490
1550.47000 1550.47480
1550.50000 1550.50470
1550.53000 1550.53460
1550.56000 1550.56440
1550.59000 1550.59430
1550.62000 1550.62460
1550.65000 1550.65460
1550.68000 1550.68490
1550.71000 1550.71480
1550.74000 1550.74460
1550.77000 1550.77480
1550.80000 1550.80460
1550.83000 1550.83440
1550.86000 1550.86470
1550.89000 1550.89470
1550.92000 1550.92460
1550.95000 1550.95470
1550.98000 1550.98480
1551.01000 1551.01480
1551.04000 1551.04480
1551.07000 1551.07440
1551.10000 1551.10450
1551.13000 1551.13460
1551.16000 1551.16440
1551.19000 1551.19470
1551.22000 1551.22470
1551.25000 1551.25490
1551.28000 1551.28470
1551.31000 1551.31470
1551.34000 1551.34470
1551.37000 1551.37460
1551.40000 1551.40470
1551.43000 1551.43460
1551.46000 1551.46460
1551.49000 1551.49460
1551.52000 1551.52480
1551.55000 1551.55480
1551.58000 1551.58470
1551.61000 1551.61460
1551.64000 1551.64440
1551.67000 1551.67450
1551.70000 1551.70460
1551.73000 1551.73480
1551.76000 1551.76480
1551.79000 1551.79490
1551.82000 1551.82470
1551.85000 1551.85460
1551.88000 1551.88450
1551.91000 1551.91460
1551.94000 1551.94460
1551.97000 1551.97460
1552.00000 1552.00450
1552.03000 1552.03460
1552.06000 1552.06480
1552.09000 1552.09480
1552.12000 1552.12480
1552.15000 1552.15460
1552.18000 1552.18450
1552.21000 1552.21440
1552.24000 1552.24430
1552.27000 1552.27460
1552.30000 1552.30480
1552.33000 1552.33490
1552.36000 1552.36460
1552.39000 1552.39480
1552.42000 1552.42450
1552.45000 1552.45470
1552.48000 1552.48460
1552.51000 1552.51460
1552.54000 1552.54460
1552.57000 1552.57480
1552.60000 1552.60480
1552.63000 1552.63480
1552.66000 1552.66480
1552.69000 1552.69460
1552.72000 1552.72440
1552.75000 1552.75440
1552.78000 1552.78460
1552.81000 1552.81450
1552.84000 1552.84490
1552.87000 1552.87490
1552.90000 1552.90480
1552.93000 1552.93470
1552.96000 1552.96450
1552.99000 1552.99470
1553.02000 1553.02460
1553.05000 1553.05460
1553.08000 1553.08460
1553.11000 1553.11460
1553.14000 1553.14480
1553.17000 1553.17490
1553.20000 1553.20490
1553.23000 1553.23450
1553.26000 1553.26440
1553.29000 1553.29440
1553.32000 1553.32460
1553.35000 1553.35460
1553.38000 1553.38480
1553.41000 1553.41470
1553.44000 1553.44500
1553.47000 1553.47460
1553.50000 1553.50450
1553.53000 1553.53450
1553.56000 1553.56470
1553.59000 1553.59470
1553.62000 1553.62480
1553.65000 1553.65460
1553.68000 1553.68480
1553.71000 1553.71480
1553.74000 1553.74480
1553.77000 1553.77460
1553.80000 1553.80460
1553.83000 1553.83430
1553.86000 1553.86450
1553.89000 1553.89460
1553.92000 1553.92490
1553.95000 1553.95480
1553.98000 1553.98490
1554.01000 1554.01470
1554.04000 1554.04430
1554.07000 1554.07440
1554.10000 1554.10470
1554.13000 1554.13480
1554.16000 1554.16480
1554.19000 1554.19450
1554.22000 1554.22480
1554.25000 1554.25500
1554.28000 1554.28460
1554.31000 1554.31460
1554.34000 1554.34430
1554.37000 1554.37440
1554.40000 1554.40460
1554.43000 1554.43440
1554.46000 1554.46480
1554.49000 1554.49490
1554.52000 1554.52490
1554.55000 1554.55460
1554.58000 1554.58450
1554.61000 1554.61450
1554.64000 1554.64460
1554.67000 1554.67490
1554.70000 1554.70480
1554.73000 1554.73490
1554.76000 1554.76480
1554.79000 1554.79470
1554.82000 1554.82470
1554.85000 1554.85440
1554.88000 1554.88450
1554.91000 1554.91450
1554.94000 1554.94440
1554.97000 1554.97440
1555.00000 1555.00470
1555.03000 1555.03500
1555.06000 1555.06490
1555.09000 1555.09480
1555.12000 1555.12450
1555.15000 1555.15440
1555.18000 1555.18460
1555.21000 1555.21470
1555.24000 1555.24460
1555.27000 1555.27470
1555.30000 1555.30490
1555.33000 1555.33480
1555.36000 1555.36460
1555.39000 1555.39450
1555.42000 1555.42450
1555.45000 1555.45460
1555.48000 1555.48460
1555.51000 1555.51450
1555.54000 1555.54480
1555.57000 1555.57480
1555.60000 1555.60480
1555.63000 1555.63480
1555.66000 1555.66450
1555.69000 1555.69450
1555.72000 1555.72450
1555.75000 1555.75450
1555.78000 1555.78460
1555.81000 1555.81470
1555.84000 1555.84490
1555.87000 1555.87480
1555.90000 1555.90460
1555.93000 1555.93450
1555.96000 1555.96430
1555.99000 1555.99450
1556.02000 1556.02460
1556.05000 1556.05470
1556.08000 1556.08490
1556.11000 1556.11480
1556.14000 1556.14480
1556.17000 1556.17480
1556.20000 1556.20440
1556.23000 1556.23470
1556.26000 1556.26470
1556.29000 1556.29480
1556.32000 1556.32470
1556.35000 1556.35480
1556.38000 1556.38490
1556.41000 1556.41480
1556.44000 1556.44480
1556.47000 1556.47460
1556.50000 1556.50450
1556.53000 1556.53450
1556.56000 1556.56440
1556.59000 1556.59470
1556.62000 1556.62480
1556.65000 1556.65490
1556.68000 1556.68470
1556.71000 1556.71460
1556.74000 1556.74440
1556.77000 1556.77450
1556.80000 1556.80470
1556.83000 1556.83470
1556.86000 1556.86470
1556.89000 1556.89470
1556.92000 1556.92470
1556.95000 1556.95480
1556.98000 1556.98470
1557.01000 1557.01480
1557.04000 1557.04450
1557.07000 1557.07440
1557.10000 1557.10440
1557.13000 1557.13460
1557.16000 1557.16490
1557.19000 1557.19500
1557.22000 1557.22480
1557.25000 1557.25470
1557.28000 1557.28450
1557.31000 1557.31440
1557.34000 1557.34470
1557.37000 1557.37470
1557.40000 1557.40480
1557.43000 1557.43470
1557.46000 1557.46470
1557.49000 1557.49470
1557.52000 1557.52480
1557.55000 1557.55470
1557.58000 1557.58440
1557.61000 1557.61460
1557.64000 1557.64460
1557.67000 1557.67470
1557.70000 1557.70480
1557.73000 1557.73490
1557.76000 1557.76470
1557.79000 1557.79480
1557.82000 1557.82470
1557.85000 1557.85470
1557.88000 1557.88460
1557.91000 1557.91470
1557.94000 1557.94470
1557.97000 1557.97490
1558.00000 1558.00500
1558.03000 1558.03480
1558.06000 1558.06490
1558.09000 1558.09450
1558.12000 1558.12430
1558.15000 1558.15450
1558.18000 1558.18450
1558.21000 1558.21480
1558.24000 1558.24500
1558.27000 1558.27490
1558.30000 1558.30470
1558.33000 1558.33460
1558.36000 1558.36440
1558.39000 1558.39470
1558.42000 1558.42480
1558.45000 1558.45450
1558.48000 1558.48480
1558.51000 1558.51480
1558.54000 1558.54480
1558.57000 1558.57470
1558.60000 1558.60490
1558.63000 1558.63460
1558.66000 1558.66440
1558.69000 1558.69450
1558.72000 1558.72450
1558.75000 1558.75470
1558.78000 1558.78490
1558.81000 1558.81500
1558.84000 1558.84470
1558.87000 1558.87470
1558.90000 1558.90440
1558.93000 1558.93450
1558.96000 1558.96460
1558.99000 1558.99470
1559.02000 1559.02480
1559.05000 1559.05480
1559.08000 1559.08480
1559.11000 1559.11470
1559.14000 1559.14470
1559.17000 1559.17460
1559.20000 1559.20450
1559.23000 1559.23460
1559.26000 1559.26470
1559.29000 1559.29460
1559.32000 1559.32500
1559.35000 1559.35480
1559.38000 1559.38480
1559.41000 1559.41480
1559.44000 1559.44440
1559.47000 1559.47480
1559.50000 1559.50480
1559.53000 1559.53460
1559.56000 1559.56460
1559.59000 1559.59480
1559.62000 1559.62500
1559.65000 1559.65480
1559.68000 1559.68500
1559.71000 1559.71470
1559.74000 1559.74430
1559.77000 1559.77440
1559.80000 1559.80450
1559.83000 1559.83480
1559.86000 1559.86500
1559.89000 1559.89500
1559.92000 1559.92490
1559.95000 1559.95470
1559.98000 1559.98440
1560.01000 1560.01480
1560.04000 1560.04470
1560.07000 1560.07480
1560.10000 1560.10470
1560.13000 1560.13490
1560.16000 1560.16480
1560.19000 1560.19490
1560.22000 1560.22480
1560.25000 1560.25460
1560.28000 1560.28460
1560.31000 1560.31440
1560.34000 1560.34450
1560.37000 1560.37480
1560.40000 1560.40490
1560.43000 1560.43480
1560.46000 1560.46490
1560.49000 1560.49480
1560.52000 1560.52450
1560.55000 1560.55460
1560.58000 1560.58470
1560.61000 1560.61470
1560.64000 1560.64480
1560.67000 1560.67490
1560.70000 1560.70500
1560.73000 1560.73470
1560.76000 1560.76480
1560.79000 1560.79490
1560.82000 1560.82450
1560.85000 1560.85440
1560.88000 1560.88460
1560.91000 1560.91470
1560.94000 1560.94480
1560.97000 1560.97510
1561.00000 1561.00480
1561.03000 1561.03450
1561.06000 1561.06450
1561.09000 1561.09460
1561.12000 1561.12470
1561.15000 1561.15490
1561.18000 1561.18490
1561.21000 1561.21480
1561.24000 1561.24480
1561.27000 1561.27480
1561.30000 1561.30480
1561.33000 1561.33460
1561.36000 1561.36460
1561.39000 1561.39470
1561.42000 1561.42460
1561.45000 1561.45460
1561.48000 1561.48480
1561.51000 1561.51490
1561.54000 1561.54490
1561.57000 1561.57480
1561.60000 1561.60460
1561.63000 1561.63450
1561.66000 1561.66460
1561.69000 1561.69460
1561.72000 1561.72480
1561.75000 1561.75480
1561.78000 1561.78480
1561.81000 1561.81490
1561.84000 1561.84460
1561.87000 1561.87470
1561.90000 1561.90430
1561.93000 1561.93450
1561.96000 1561.96460
1561.99000 1561.99470
1562.02000 1562.02490
1562.05000 1562.05510
1562.08000 1562.08480
1562.11000 1562.11460
1562.14000 1562.14460
1562.17000 1562.17450
1562.20000 1562.20470
1562.23000 1562.23480
1562.26000 1562.26480
1562.29000 1562.29470
1562.32000 1562.32470
1562.35000 1562.35480
1562.38000 1562.38480
1562.41000 1562.41470
1562.44000 1562.44450
1562.47000 1562.47450
1562.50000 1562.50440
1562.53000 1562.53440
1562.56000 1562.56470
1562.59000 1562.59490
1562.62000 1562.62490
1562.65000 1562.65480
1562.68000 1562.68450
1562.71000 1562.71450
1562.74000 1562.74460
1562.77000 1562.77480
1562.80000 1562.80470
1562.83000 1562.83470
1562.86000 1562.86490
1562.89000 1562.89480
1562.92000 1562.92460
1562.95000 1562.95460
1562.98000 1562.98440
1563.01000 1563.01420
1563.04000 1563.04430
1563.07000 1563.07450
1563.10000 1563.10460
1563.13000 1563.13490
1563.16000 1563.16490
1563.19000 1563.19470
1563.22000 1563.22450
1563.25000 1563.25440
1563.28000 1563.28450
1563.31000 1563.31480
1563.34000 1563.34450
1563.37000 1563.37460
1563.40000 1563.40470
1563.43000 1563.43480
1563.46000 1563.46470
1563.49000 1563.49480
1563.52000 1563.52450
1563.55000 1563.55440
1563.58000 1563.58440
1563.61000 1563.61430
1563.64000 1563.64450
1563.67000 1563.67480
1563.70000 1563.70490
1563.73000 1563.73480
1563.76000 1563.76470
1563.79000 1563.79440
1563.82000 1563.82470
1563.85000 1563.85460
1563.88000 1563.88460
1563.91000 1563.91470
1563.94000 1563.94460
1563.97000 1563.97470
1564.00000 1564.00480
1564.03000 1564.03470
1564.06000 1564.06450
1564.09000 1564.09440
1564.12000 1564.12430
1564.15000 1564.15430
1564.18000 1564.18450
1564.21000 1564.21470
1564.24000 1564.24480
1564.27000 1564.27480
1564.30000 1564.30470
1564.33000 1564.33430
1564.36000 1564.36430
1564.39000 1564.39450
1564.42000 1564.42480
1564.45000 1564.45480
1564.48000 1564.48460
1564.51000 1564.51470
1564.54000 1564.54480
1564.57000 1564.57480
1564.60000 1564.60440
1564.63000 1564.63420
1564.66000 1564.66440
1564.69000 1564.69440
1564.72000 1564.72470
1564.75000 1564.75460
1564.78000 1564.78490
1564.81000 1564.81480
1564.84000 1564.84460
1564.87000 1564.87440
1564.90000 1564.90430
1564.93000 1564.93440
1564.96000 1564.96470
1564.99000 1564.99470
1565.02000 1565.02450
1565.05000 1565.05480
1565.08000 1565.08480
1565.11000 1565.11490
1565.14000 1565.14440
1565.17000 1565.17440
1565.20000 1565.20460
1565.23000 1565.23440
1565.26000 1565.26440
1565.29000 1565.29480
1565.32000 1565.32480
1565.35000 1565.35470
1565.38000 1565.38470
1565.41000 1565.41450
1565.44000 1565.44430
1565.47000 1565.47440
1565.50000 1565.50470
1565.53000 1565.53460
1565.56000 1565.56460
1565.59000 1565.59470
1565.62000 1565.62480
1565.65000 1565.65470
1565.68000 1565.68470
1565.71000 1565.71440
1565.74000 1565.74450
1565.77000 1565.77430
1565.80000 1565.80440
1565.83000 1565.83470
1565.86000 1565.86480
1565.89000 1565.89470
1565.92000 1565.92470
1565.95000 1565.95460
1565.98000 1565.98410
1566.01000 1566.01460
1566.04000 1566.04460
1566.07000 1566.07460
1566.10000 1566.10460
1566.13000 1566.13480
1566.16000 1566.16480
1566.19000 1566.19480
1566.22000 1566.22460
1566.25000 1566.25440
1566.28000 1566.28440
1566.31000 1566.31430
1566.34000 1566.34450
1566.37000 1566.37470
1566.40000 1566.40490
1566.43000 1566.43480
1566.46000 1566.46460
1566.49000 1566.49460
1566.52000 1566.52440
1566.55000 1566.55440
1566.58000 1566.58460
1566.61000 1566.61470
1566.64000 1566.64460
1566.67000 1566.67480
1566.70000 1566.70470
1566.73000 1566.73470
1566.76000 1566.76460
1566.79000 1566.79440
1566.82000 1566.82460
1566.85000 1566.85450
1566.88000 1566.88460
1566.91000 1566.91450
1566.94000 1566.94480
1566.97000 1566.97470
1567.00000 1567.00470
1567.03000 1567.03470
1567.06000 1567.06460
1567.09000 1567.09460
1567.12000 1567.12450
1567.15000 1567.15460
1567.18000 1567.18460
1567.21000 1567.21460
1567.24000 1567.24470
1567.27000 1567.27480
1567.30000 1567.30480
1567.33000 1567.33470
1567.36000 1567.36470
1567.39000 1567.39430
1567.42000 1567.42450
1567.45000 1567.45440
1567.48000 1567.48470
1567.51000 1567.51470
1567.54000 1567.54470
1567.57000 1567.57470
1567.60000 1567.60440
1567.63000 1567.63450
1567.66000 1567.66450
1567.69000 1567.69450
1567.72000 1567.72470
1567.75000 1567.75480
1567.78000 1567.78450
1567.81000 1567.81460
1567.84000 1567.84480
1567.87000 1567.87450
1567.90000 1567.90440
1567.93000 1567.93410
1567.96000 1567.96440
1567.99000 1567.99440
1568.02000 1568.02480
1568.05000 1568.05450
1568.08000 1568.08490
1568.11000 1568.11460
1568.14000 1568.14440
1568.17000 1568.17430
1568.20000 1568.20460
1568.23000 1568.23450
1568.26000 1568.26460
1568.29000 1568.29480
1568.32000 1568.32450
1568.35000 1568.35470
1568.38000 1568.38460
1568.41000 1568.41460
1568.44000 1568.44450
1568.47000 1568.47430
1568.50000 1568.50450
1568.53000 1568.53430
1568.56000 1568.56450
1568.59000 1568.59470
1568.62000 1568.62480
1568.65000 1568.65470
1568.68000 1568.68460
1568.71000 1568.71420
1568.74000 1568.74440
1568.77000 1568.77470
1568.80000 1568.80490
1568.83000 1568.83480
1568.86000 1568.86470
1568.89000 1568.89490
1568.92000 1568.92470
1568.95000 1568.95480
1568.98000 1568.98460
1569.01000 1569.01460
1569.04000 1569.04450
1569.07000 1569.07470
1569.10000 1569.10440
1569.13000 1569.13480
1569.16000 1569.16480
1569.19000 1569.19480
1569.22000 1569.22470
1569.25000 1569.25450
1569.28000 1569.28450
1569.31000 1569.31480
1569.34000 1569.34480
1569.37000 1569.37450
1569.40000 1569.40470
1569.43000 1569.43490
1569.46000 1569.46480
1569.49000 1569.49480
1569.52000 1569.52440
1569.55000 1569.55470
1569.58000 1569.58470
1569.61000 1569.61460
1569.64000 1569.64470
1569.67000 1569.67490
1569.70000 1569.70490
1569.73000 1569.73450
1569.76000 1569.76470
1569.79000 1569.79460
1569.82000 1569.82430
1569.85000 1569.85460
1569.88000 1569.88470
1569.91000 1569.91480
1569.94000 1569.94470
1569.97000 1569.97470
1570.00000 1570.00490
1570.03000 1570.03480
1570.06000 1570.06470
1570.09000 1570.09460
1570.12000 1570.12470
1570.15000 1570.15450
1570.18000 1570.18440
1570.21000 1570.21460
1570.24000 1570.24490
1570.27000 1570.27490
1570.30000 1570.30470
1570.33000 1570.33480
1570.36000 1570.36450
1570.39000 1570.39460
1570.42000 1570.42460
1570.45000 1570.45470
1570.48000 1570.48470
1570.51000 1570.51470
1570.54000 1570.54480
1570.57000 1570.57480
1570.60000 1570.60480
1570.63000 1570.63450
1570.66000 1570.66460
1570.69000 1570.69460
1570.72000 1570.72470
1570.75000 1570.75460
1570.78000 1570.78490
1570.81000 1570.81500
1570.84000 1570.84480
1570.87000 1570.87480
1570.90000 1570.90470
1570.93000 1570.93450
1570.96000 1570.96460
1570.99000 1570.99460
1571.02000 1571.02480
1571.05000 1571.05490
1571.08000 1571.08500
1571.11000 1571.11490
1571.14000 1571.14470
1571.17000 1571.17480
1571.20000 1571.20460
1571.23000 1571.23450
1571.26000 1571.26460
1571.29000 1571.29460
1571.32000 1571.32490
1571.35000 1571.35490
1571.38000 1571.38490
1571.41000 1571.41500
1571.44000 1571.44470
1571.47000 1571.47460
1571.50000 1571.50460
1571.53000 1571.53460
1571.56000 1571.56480
1571.59000 1571.59460
1571.62000 1571.62490
1571.65000 1571.65480
1571.68000 1571.68490
1571.71000 1571.71490
1571.74000 1571.74460
1571.77000 1571.77440
1571.80000 1571.80460
1571.83000 1571.83470
1571.86000 1571.86480
1571.89000 1571.89490
1571.92000 1571.92500
1571.95000 1571.95490
1571.98000 1571.98490
1572.01000 1572.01450
1572.04000 1572.04450
1572.07000 1572.07460
1572.10000 1572.10490
1572.13000 1572.13490
1572.16000 1572.16480
1572.19000 1572.19490
1572.22000 1572.22480
1572.25000 1572.25480
1572.28000 1572.28470
1572.31000 1572.31440
1572.34000 1572.34450
1572.37000 1572.37470
1572.40000 1572.40470
1572.43000 1572.43500
1572.46000 1572.46510
1572.49000 1572.49500
1572.52000 1572.52480
1572.55000 1572.55450
1572.58000 1572.58440
1572.61000 1572.61450
1572.64000 1572.64460
1572.67000 1572.67480
1572.70000 1572.70490
1572.73000 1572.73510
1572.76000 1572.76490
1572.79000 1572.79490
1572.82000 1572.82460
1572.85000 1572.85450
1572.88000 1572.88440
1572.91000 1572.91470
1572.94000 1572.94480
1572.97000 1572.97470
1573.00000 1573.00490
1573.03000 1573.03480
1573.06000 1573.06480
1573.09000 1573.09470
1573.12000 1573.12430
1573.15000 1573.15460
1573.18000 1573.18480
1573.21000 1573.21470
1573.24000 1573.24450
1573.27000 1573.27470
1573.30000 1573.30490
1573.33000 1573.33480
1573.36000 1573.36470
1573.39000 1573.39460
1573.42000 1573.42440
1573.45000 1573.45450
1573.48000 1573.48460
1573.51000 1573.51460
1573.54000 1573.54480
1573.57000 1573.57500
1573.60000 1573.60500
1573.63000 1573.63490
1573.66000 1573.66430
1573.69000 1573.69450
1573.72000 1573.72450
1573.75000 1573.75470
1573.78000 1573.78460
1573.81000 1573.81490
1573.84000 1573.84500
1573.87000 1573.87490
1573.90000 1573.90480
1573.93000 1573.93460
1573.96000 1573.96460
1573.99000 1573.99430
1574.02000 1574.02450
1574.05000 1574.05480
1574.08000 1574.08500
1574.11000 1574.11480
1574.14000 1574.14500
1574.17000 1574.17500
1574.20000 1574.20470
1574.23000 1574.23460
1574.26000 1574.26470
1574.29000 1574.29460
1574.32000 1574.32470
1574.35000 1574.35500
1574.38000 1574.38490
1574.41000 1574.41480
1574.44000 1574.44480
1574.47000 1574.47460
1574.50000 1574.50470
1574.53000 1574.53450
1574.56000 1574.56440
1574.59000 1574.59470
1574.62000 1574.62470
1574.65000 1574.65500
1574.68000 1574.68510
1574.71000 1574.71510
1574.74000 1574.74480
1574.77000 1574.77470
1574.80000 1574.80450
1574.83000 1574.83470
1574.86000 1574.86470
1574.89000 1574.89490
1574.92000 1574.92470
1574.95000 1574.95500
1574.98000 1574.98470
1575.01000 1575.01480
1575.04000 1575.04470
1575.07000 1575.07450
1575.10000 1575.10460
1575.13000 1575.13460
1575.16000 1575.16470
1575.19000 1575.19480
1575.22000 1575.22500
1575.25000 1575.25490
1575.28000 1575.28490
1575.31000 1575.31480
1575.34000 1575.34480
1575.37000 1575.37470
1575.40000 1575.40480
1575.43000 1575.43470
1575.46000 1575.46490
1575.49000 1575.49490
1575.52000 1575.52500
1575.55000 1575.55490
1575.58000 1575.58470
1575.61000 1575.61470
1575.64000 1575.64470
1575.67000 1575.67470
1575.70000 1575.70500
1575.73000 1575.73480
1575.76000 1575.76490
1575.79000 1575.79490
1575.82000 1575.82510
1575.85000 1575.85480
1575.88000 1575.88460
1575.91000 1575.91470
1575.94000 1575.94480
1575.97000 1575.97490
1576.00000 1576.00480
1576.03000 1576.03490
1576.06000 1576.06480
1576.09000 1576.09470
1576.12000 1576.12480
1576.15000 1576.15470
1576.18000 1576.18480
1576.21000 1576.21480
1576.24000 1576.24490
1576.27000 1576.27500
1576.30000 1576.30500
1576.33000 1576.33520
1576.36000 1576.36500
1576.39000 1576.39490
1576.42000 1576.42460
1576.45000 1576.45470
1576.48000 1576.48480
1576.51000 1576.51500
1576.54000 1576.54480
1576.57000 1576.57500
1576.60000 1576.60490
1576.63000 1576.63470
1576.66000 1576.66500
1576.69000 1576.69470
1576.72000 1576.72460
1576.75000 1576.75480
1576.78000 1576.78500
1576.81000 1576.81500
1576.84000 1576.84500
1576.87000 1576.87510
1576.90000 1576.90500
1576.93000 1576.93500
1576.96000 1576.96470
1576.99000 1576.99470
1577.02000 1577.02500
1577.05000 1577.05470
1577.08000 1577.08480
1577.11000 1577.11500
1577.14000 1577.14510
1577.17000 1577.17500
1577.20000 1577.20490
1577.23000 1577.23490
1577.26000 1577.26450
1577.29000 1577.29470
1577.32000 1577.32490
1577.35000 1577.35490
1577.38000 1577.38480
1577.41000 1577.41510
1577.44000 1577.44520
1577.47000 1577.47520
1577.50000 1577.50490
1577.53000 1577.53460
1577.56000 1577.56490
1577.59000 1577.59470
1577.62000 1577.62470
1577.65000 1577.65490
1577.68000 1577.68530
1577.71000 1577.71510
1577.74000 1577.74510
1577.77000 1577.77500
1577.80000 1577.80480
1577.83000 1577.83480
1577.86000 1577.86480
1577.89000 1577.89490
1577.92000 1577.92480
1577.95000 1577.95500
1577.98000 1577.98510
1578.01000 1578.01510
1578.04000 1578.04520
1578.07000 1578.07480
1578.10000 1578.10480
1578.13000 1578.13490
1578.16000 1578.16490
1578.19000 1578.19470
1578.22000 1578.22500
1578.25000 1578.25510
1578.28000 1578.28490
1578.31000 1578.31510
1578.34000 1578.34500
1578.37000 1578.37490
1578.40000 1578.40480
1578.43000 1578.43490
1578.46000 1578.46480
1578.49000 1578.49470
1578.52000 1578.52490
1578.55000 1578.55500
1578.58000 1578.58510
1578.61000 1578.61500
1578.64000 1578.64470
1578.67000 1578.67500
1578.70000 1578.70490
1578.73000 1578.73490
1578.76000 1578.76500
1578.79000 1578.79520
1578.82000 1578.82490
1578.85000 1578.85490
1578.88000 1578.88500
1578.91000 1578.91480
1578.94000 1578.94480
1578.97000 1578.97480
1579.00000 1579.00490
1579.03000 1579.03500
1579.06000 1579.06500
1579.09000 1579.09490
1579.12000 1579.12520
1579.15000 1579.15500
1579.18000 1579.18480
1579.21000 1579.21480
1579.24000 1579.24490
1579.27000 1579.27490
1579.30000 1579.30500
1579.33000 1579.33530
1579.36000 1579.36530
1579.39000 1579.39520
1579.42000 1579.42500
1579.45000 1579.45490
1579.48000 1579.48470
1579.51000 1579.51500
1579.54000 1579.54500
1579.57000 1579.57500
1579.60000 1579.60510
1579.63000 1579.63510
1579.66000 1579.66520
1579.69000 1579.69530
1579.72000 1579.72500
1579.75000 1579.75490
1579.78000 1579.78500
1579.81000 1579.81480
1579.84000 1579.84500
1579.87000 1579.87510
1579.90000 1579.90520
1579.93000 1579.93510
1579.96000 1579.96510
1579.99000 1579.99520
1580.02000 1580.02500
1580.05000 1580.05480
1580.08000 1580.08480
1580.11000 1580.11470
1580.14000 1580.14490
1580.17000 1580.17510
1580.20000 1580.20500
1580.23000 1580.23520
1580.26000 1580.26540
1580.29000 1580.29490
1580.32000 1580.32490
1580.35000 1580.35500
1580.38000 1580.38510
1580.41000 1580.41510
1580.44000 1580.44510
1580.47000 1580.47530
1580.50000 1580.50490
1580.53000 1580.53510
1580.56000 1580.56490
1580.59000 1580.59490
1580.62000 1580.62500
1580.65000 1580.65500
1580.68000 1580.68510
1580.71000 1580.71500
1580.74000 1580.74500
1580.77000 1580.77520
1580.80000 1580.80530
1580.83000 1580.83510
1580.86000 1580.86480
1580.89000 1580.89480
1580.92000 1580.92510
1580.95000 1580.95510
1580.98000 1580.98510
1581.01000 1581.01540
1581.04000 1581.04510
1581.07000 1581.07520
1581.10000 1581.10510
1581.13000 1581.13490
1581.16000 1581.16490
1581.19000 1581.19500
1581.22000 1581.22490
1581.25000 1581.25500
1581.28000 1581.28500
1581.31000 1581.31510
1581.34000 1581.34540
1581.37000 1581.37530
1581.40000 1581.40510
1581.43000 1581.43490
1581.46000 1581.46500
1581.49000 1581.49490
1581.52000 1581.52520
1581.55000 1581.55500
1581.58000 1581.58510
1581.61000 1581.61520
1581.64000 1581.64520
1581.67000 1581.67520
1581.70000 1581.70500
1581.73000 1581.73520
1581.76000 1581.76510
1581.79000 1581.79510
1581.82000 1581.82500
1581.85000 1581.85510
1581.88000 1581.88510
1581.91000 1581.91520
1581.94000 1581.94530
1581.97000 1581.97500
1582.00000 1582.00490
1582.03000 1582.03490
1582.06000 1582.06510
1582.09000 1582.09500
1582.12000 1582.12530
1582.15000 1582.15530
1582.18000 1582.18530
1582.21000 1582.21530
1582.24000 1582.24500
1582.27000 1582.27510
1582.30000 1582.30500
1582.33000 1582.33500
1582.36000 1582.36500
1582.39000 1582.39500
1582.42000 1582.42510
1582.45000 1582.45520
1582.48000 1582.48520
1582.51000 1582.51520
1582.54000 1582.54490
1582.57000 1582.57510
1582.60000 1582.60510
1582.63000 1582.63510
1582.66000 1582.66510
1582.69000 1582.69530
1582.72000 1582.72530
1582.75000 1582.75530
1582.78000 1582.78520
1582.81000 1582.81500
1582.84000 1582.84510
1582.87000 1582.87490
1582.90000 1582.90500
1582.93000 1582.93500
1582.96000 1582.96500
1582.99000 1582.99500
1583.02000 1583.02530
1583.05000 1583.05510
1583.08000 1583.08500
1583.11000 1583.11480
1583.14000 1583.14510
1583.17000 1583.17500
1583.20000 1583.20500
1583.23000 1583.23530
1583.26000 1583.26530
1583.29000 1583.29530
1583.32000 1583.32540
1583.35000 1583.35530
1583.38000 1583.38490
1583.41000 1583.41520
1583.44000 1583.44510
1583.47000 1583.47500
1583.50000 1583.50520
1583.53000 1583.53520
1583.56000 1583.56530
1583.59000 1583.59540
1583.62000 1583.62520
1583.65000 1583.65490
1583.68000 1583.68510
1583.71000 1583.71510
1583.74000 1583.74500
1583.77000 1583.77520
1583.80000 1583.80520
1583.83000 1583.83510
1583.86000 1583.86550
1583.89000 1583.89540
1583.92000 1583.92510
1583.95000 1583.95520
1583.98000 1583.98510
1584.01000 1584.01510
1584.04000 1584.04500
1584.07000 1584.07510
1584.10000 1584.10530
1584.13000 1584.13520
1584.16000 1584.16510
1584.19000 1584.19520
1584.22000 1584.22480
1584.25000 1584.25490
1584.28000 1584.28520
1584.31000 1584.31520
1584.34000 1584.34510
1584.37000 1584.37540
1584.40000 1584.40530
1584.43000 1584.43520
1584.46000 1584.46520
1584.49000 1584.49490
1584.52000 1584.52520
1584.55000 1584.55500
1584.58000 1584.58490
1584.61000 1584.61530
1584.64000 1584.64530
1584.67000 1584.67510
1584.70000 1584.70520
1584.73000 1584.73520
1584.76000 1584.76500
1584.79000 1584.79490
1584.82000 1584.82500
1584.85000 1584.85510
1584.88000 1584.88510
1584.91000 1584.91520
1584.94000 1584.94520
1584.97000 1584.97520
1585.00000 1585.00550
1585.03000 1585.03510
1585.06000 1585.06520
1585.09000 1585.09530
1585.12000 1585.12500
1585.15000 1585.15500
1585.18000 1585.18510
1585.21000 1585.21510
1585.24000 1585.24500
1585.27000 1585.27520
1585.30000 1585.30520
1585.33000 1585.33490
1585.36000 1585.36520
1585.39000 1585.39490
1585.42000 1585.42520
1585.45000 1585.45510
1585.48000 1585.48530
1585.51000 1585.51510
1585.54000 1585.54540
1585.57000 1585.57520
1585.60000 1585.60500
1585.63000 1585.63530
1585.66000 1585.66490
1585.69000 1585.69500
1585.72000 1585.72530
1585.75000 1585.75530
1585.78000 1585.78510
1585.81000 1585.81550
1585.84000 1585.84530
1585.87000 1585.87510
1585.90000 1585.90500
1585.93000 1585.93480
1585.96000 1585.96500
1585.99000 1585.99520
1586.02000 1586.02510
1586.05000 1586.05530
1586.08000 1586.08530
1586.11000 1586.11530
1586.14000 1586.14520
1586.17000 1586.17510
1586.20000 1586.20530
1586.23000 1586.23510
1586.26000 1586.26520
1586.29000 1586.29530
1586.32000 1586.32530
1586.35000 1586.35500
1586.38000 1586.38520
1586.41000 1586.41500
1586.44000 1586.44500
1586.47000 1586.47480
1586.50000 1586.50520
1586.53000 1586.53510
1586.56000 1586.56500
1586.59000 1586.59510
1586.62000 1586.62540
1586.65000 1586.65540
1586.68000 1586.68530
1586.71000 1586.71520
1586.74000 1586.74520
1586.77000 1586.77490
1586.80000 1586.80500
1586.83000 1586.83500
1586.86000 1586.86510
1586.89000 1586.89510
1586.92000 1586.92520
1586.95000 1586.95510
1586.98000 1586.98510
1587.01000 1587.01500
1587.04000 1587.04490
1587.07000 1587.07500
1587.10000 1587.10510
1587.13000 1587.13510
1587.16000 1587.16500
1587.19000 1587.19520
1587.22000 1587.22530
1587.25000 1587.25520
1587.28000 1587.28510
1587.31000 1587.31530
1587.34000 1587.34480
1587.37000 1587.37500
1587.40000 1587.40520
1587.43000 1587.43510
1587.46000 1587.46520
1587.49000 1587.49530
1587.52000 1587.52540
1587.55000 1587.55520
1587.58000 1587.58490
1587.61000 1587.61490
1587.64000 1587.64500
1587.67000 1587.67500
1587.70000 1587.70500
1587.73000 1587.73550
1587.76000 1587.76520
1587.79000 1587.79520
1587.82000 1587.82520
1587.85000 1587.85500
1587.88000 1587.88510
1587.91000 1587.91510
1587.94000 1587.94510
1587.97000 1587.97480
1588.00000 1588.00490
1588.03000 1588.03520
1588.06000 1588.06530
1588.09000 1588.09510
1588.12000 1588.12510
1588.15000 1588.15480
1588.18000 1588.18480
1588.21000 1588.21500
1588.24000 1588.24500
1588.27000 1588.27510
1588.30000 1588.30510
1588.33000 1588.33530
1588.36000 1588.36520
1588.39000 1588.39500
1588.42000 1588.42510
1588.45000 1588.45490
1588.48000 1588.48490
1588.51000 1588.51510
1588.54000 1588.54500
1588.57000 1588.57510
1588.60000 1588.60510
1588.63000 1588.63520
1588.66000 1588.66510
1588.69000 1588.69500
1588.72000 1588.72500
1588.75000 1588.75490
1588.78000 1588.78520
1588.81000 1588.81510
1588.84000 1588.84510
1588.87000 1588.87550
1588.90000 1588.90530
1588.93000 1588.93510
1588.96000 1588.96500
1588.99000 1588.99510
1589.02000 1589.02500
1589.05000 1589.05500
1589.08000 1589.08510
1589.11000 1589.11490
1589.14000 1589.14510
1589.17000 1589.17520
1589.20000 1589.20530
1589.23000 1589.23510
1589.26000 1589.26510
1589.29000 1589.29490
1589.32000 1589.32490
1589.35000 1589.35510
1589.38000 1589.38500
1589.41000 1589.41520
1589.44000 1589.44530
1589.47000 1589.47510
1589.50000 1589.50510
1589.53000 1589.53530
1589.56000 1589.56510
1589.59000 1589.59490
1589.62000 1589.62500
1589.65000 1589.65510
1589.68000 1589.68500
1589.71000 1589.71500
1589.74000 1589.74520
1589.77000 1589.77510
1589.80000 1589.80510
1589.83000 1589.83510
1589.86000 1589.86500
1589.89000 1589.89490
1589.92000 1589.92510
1589.95000 1589.95520
1589.98000 1589.98510
1590.01000 1590.01510
1590.04000 1590.04520
1590.07000 1590.07520
1590.10000 1590.10520
1590.13000 1590.13490
1590.16000 1590.16480
1590.19000 1590.19500
1590.22000 1590.22500
1590.25000 1590.25500
1590.28000 1590.28510
1590.31000 1590.31500
1590.34000 1590.34480
1590.37000 1590.37510
1590.40000 1590.40500
1590.43000 1590.43490
1590.46000 1590.46500
1590.49000 1590.49500
1590.52000 1590.52510
1590.55000 1590.55520
1590.58000 1590.58530
1590.61000 1590.61520
1590.64000 1590.64510
1590.67000 1590.67510
1590.70000 1590.70500
1590.73000 1590.73500
1590.76000 1590.76510
1590.79000 1590.79500
1590.82000 1590.82500
1590.85000 1590.85530
1590.88000 1590.88530
1590.91000 1590.91510
1590.94000 1590.94510
1590.97000 1590.97470
1591.00000 1591.00490
1591.03000 1591.03500
1591.06000 1591.06510
1591.09000 1591.09500
1591.12000 1591.12510
1591.15000 1591.15500
1591.18000 1591.18540
1591.21000 1591.21520
1591.24000 1591.24500
1591.27000 1591.27480
1591.30000 1591.30490
1591.33000 1591.33500
1591.36000 1591.36480
1591.39000 1591.39500
1591.42000 1591.42520
1591.45000 1591.45500
1591.48000 1591.48490
1591.51000 1591.51480
1591.54000 1591.54480
1591.57000 1591.57470
1591.60000 1591.60480
1591.63000 1591.63520
1591.66000 1591.66490
1591.69000 1591.69500
1591.72000 1591.72520
1591.75000 1591.75520
1591.78000 1591.78500
1591.81000 1591.81480
1591.84000 1591.84480
1591.87000 1591.87490
1591.90000 1591.90490
1591.93000 1591.93490
1591.96000 1591.96510
1591.99000 1591.99510
1592.02000 1592.02510
1592.05000 1592.05490
1592.08000 1592.08480
1592.11000 1592.11490
1592.14000 1592.14500
1592.17000 1592.17500
1592.20000 1592.20500
1592.23000 1592.23500
1592.26000 1592.26510
1592.29000 1592.29510
1592.32000 1592.32520
1592.35000 1592.35500
1592.38000 1592.38480
1592.41000 1592.41480
1592.44000 1592.44490
1592.47000 1592.47500
1592.50000 1592.50480
1592.53000 1592.53490
1592.56000 1592.56500
1592.59000 1592.59520
1592.62000 1592.62480
1592.65000 1592.65470
1592.68000 1592.68490
1592.71000 1592.71490
1592.74000 1592.74500
1592.77000 1592.77520
1592.80000 1592.80510
1592.83000 1592.83500
1592.86000 1592.86510
1592.89000 1592.89510
1592.92000 1592.92490
1592.95000 1592.95470
1592.98000 1592.98490
1593.01000 1593.01500
1593.04000 1593.04470
1593.07000 1593.07490
1593.10000 1593.10510
1593.13000 1593.13510
1593.16000 1593.16500
1593.19000 1593.19480
1593.22000 1593.22480
1593.25000 1593.25470
1593.28000 1593.28480
1593.31000 1593.31500
1593.34000 1593.34510
1593.37000 1593.37520
1593.40000 1593.40520
1593.43000 1593.43520
1593.46000 1593.46520
1593.49000 1593.49520
1593.52000 1593.52500
1593.55000 1593.55490
1593.58000 1593.58490
1593.61000 1593.61500
1593.64000 1593.64510
1593.67000 1593.67520
1593.70000 1593.70510
1593.73000 1593.73530
1593.76000 1593.76500
1593.79000 1593.79480
1593.82000 1593.82480
1593.85000 1593.85490
1593.88000 1593.88530
1593.91000 1593.91530
1593.94000 1593.94490
1593.97000 1593.97520
1594.00000 1594.00530
1594.03000 1594.03500
1594.06000 1594.06500
1594.09000 1594.09490
1594.12000 1594.12490
1594.15000 1594.15490
1594.18000 1594.18480
1594.21000 1594.21510
1594.24000 1594.24500
1594.27000 1594.27510
1594.30000 1594.30530
1594.33000 1594.33510
1594.36000 1594.36470
1594.39000 1594.39490
1594.42000 1594.42490
1594.45000 1594.45500
1594.48000 1594.48500
1594.51000 1594.51500
1594.54000 1594.54510
1594.57000 1594.57530
1594.60000 1594.60500
1594.63000 1594.63500
1594.66000 1594.66480
1594.69000 1594.69500
1594.72000 1594.72490
1594.75000 1594.75500
1594.78000 1594.78500
1594.81000 1594.81490
1594.84000 1594.84540
1594.87000 1594.87510
1594.90000 1594.90520
1594.93000 1594.93480
1594.96000 1594.96470
1594.99000 1594.99490
1595.02000 1595.02510
1595.05000 1595.05510
1595.08000 1595.08510
1595.11000 1595.11510
1595.14000 1595.14510
1595.17000 1595.17520
1595.20000 1595.20480
1595.23000 1595.23490
1595.26000 1595.26500
1595.29000 1595.29500
1595.32000 1595.32480
1595.35000 1595.35490
1595.38000 1595.38520
1595.41000 1595.41510
1595.44000 1595.44510
1595.47000 1595.47500
1595.50000 1595.50470
1595.53000 1595.53480
1595.56000 1595.56500
1595.59000 1595.59500
1595.62000 1595.62480
1595.65000 1595.65530
1595.68000 1595.68530
1595.71000 1595.71530
1595.74000 1595.74500
1595.77000 1595.77490
1595.80000 1595.80480
1595.83000 1595.83500
1595.86000 1595.86490
1595.89000 1595.89490
1595.92000 1595.92510
1595.95000 1595.95520
1595.98000 1595.98520
1596.01000 1596.01520
1596.04000 1596.04480
1596.07000 1596.07470
1596.10000 1596.10480
1596.13000 1596.13510
1596.16000 1596.16490
1596.19000 1596.19490
1596.22000 1596.22510
1596.25000 1596.25490
1596.28000 1596.28530
1596.31000 1596.31520
1596.34000 1596.34500
1596.37000 1596.37500
1596.40000 1596.40510
1596.43000 1596.43480
1596.46000 1596.46500
1596.49000 1596.49510
1596.52000 1596.52500
1596.55000 1596.55520
1596.58000 1596.58500
1596.61000 1596.61480
1596.64000 1596.64490
1596.67000 1596.67480
1596.70000 1596.70520
1596.73000 1596.73510
1596.76000 1596.76480
1596.79000 1596.79510
1596.82000 1596.82510
1596.85000 1596.85520
1596.88000 1596.88500
1596.91000 1596.91490
1596.94000 1596.94490
1596.97000 1596.97500
1597.00000 1597.00480
1597.03000 1597.03500
1597.06000 1597.06510
1597.09000 1597.09500
1597.12000 1597.12500
1597.15000 1597.15510
1597.18000 1597.18480
1597.21000 1597.21480
1597.24000 1597.24470
1597.27000 1597.27500
1597.30000 1597.30480
1597.33000 1597.33480
1597.36000 1597.36500
1597.39000 1597.39500
1597.42000 1597.42530
1597.45000 1597.45510
1597.48000 1597.48480
1597.51000 1597.51480
1597.54000 1597.54480
1597.57000 1597.57480
1597.60000 1597.60500
1597.63000 1597.63500
1597.66000 1597.66500
1597.69000 1597.69510
1597.72000 1597.72480
1597.75000 1597.75490
1597.78000 1597.78480
1597.81000 1597.81460
1597.84000 1597.84490
1597.87000 1597.87500
1597.90000 1597.90450
1597.93000 1597.93490
1597.96000 1597.96520
1597.99000 1597.99510
1598.02000 1598.02480
1598.05000 1598.05490
1598.08000 1598.08480
1598.11000 1598.11490
1598.14000 1598.14480
1598.17000 1598.17500
1598.20000 1598.20510
1598.23000 1598.23500
1598.26000 1598.26510
1598.29000 1598.29490
1598.32000 1598.32480
1598.35000 1598.35470
1598.38000 1598.38470
1598.41000 1598.41490
1598.44000 1598.44500
1598.47000 1598.47480
1598.50000 1598.50480
1598.53000 1598.53490
1598.56000 1598.56500
1598.59000 1598.59500
1598.62000 1598.62480
1598.65000 1598.65490
1598.68000 1598.68470
1598.71000 1598.71480
1598.74000 1598.74480
1598.77000 1598.77490
1598.80000 1598.80490
1598.83000 1598.83510
1598.86000 1598.86490
1598.89000 1598.89490
1598.92000 1598.92470
1598.95000 1598.95470
1598.98000 1598.98480
1599.01000 1599.01480
1599.04000 1599.04470
1599.07000 1599.07490
1599.10000 1599.10500
1599.13000 1599.13520
1599.16000 1599.16480
1599.19000 1599.19470
1599.22000 1599.22470
1599.25000 1599.25490
1599.28000 1599.28470
1599.31000 1599.31490
1599.34000 1599.34490
1599.37000 1599.37480
1599.40000 1599.40490
1599.43000 1599.43470
1599.46000 1599.46470
1599.49000 1599.49490
1599.52000 1599.52460
1599.55000 1599.55480
1599.58000 1599.58480
1599.61000 1599.61460
1599.64000 1599.64480
1599.67000 1599.67520
1599.70000 1599.70510
1599.73000 1599.73500
1599.76000 1599.76480
1599.79000 1599.79500
1599.82000 1599.82480
1599.85000 1599.85470
1599.88000 1599.88490
1599.91000 1599.91480
1599.94000 1599.94490
1599.97000 1599.97490
1600.00000 1600.00470
1600.03000 1600.03470
1600.06000 1600.06480
1600.09000 1600.09450
1600.12000 1600.12480
1600.15000 1600.15470
1600.18000 1600.18460
1600.21000 1600.21480
1600.24000 1600.24510
1600.27000 1600.27500
1600.30000 1600.30480
1600.33000 1600.33480
1600.36000 1600.36480
1600.39000 1600.39470
1600.42000 1600.42490
1600.45000 1600.45480
1600.48000 1600.48490
1600.51000 1600.51490
1600.54000 1600.54510
1600.57000 1600.57480
1600.60000 1600.60480
1600.63000 1600.63470
1600.66000 1600.66480
1600.69000 1600.69480
1600.72000 1600.72480
1600.75000 1600.75450
1600.78000 1600.78470
1600.81000 1600.81480
1600.84000 1600.84480
1600.87000 1600.87470
1600.90000 1600.90460
1600.93000 1600.93490
1600.96000 1600.96450
1600.99000 1600.99480
1601.02000 1601.02470
1601.05000 1601.05480
1601.08000 1601.08480
1601.11000 1601.11480
1601.14000 1601.14480
1601.17000 1601.17480
1601.20000 1601.20470
1601.23000 1601.23470
1601.26000 1601.26470
1601.29000 1601.29470
1601.32000 1601.32470
1601.35000 1601.35480
1601.38000 1601.38510
1601.41000 1601.41490
1601.44000 1601.44500
1601.47000 1601.47490
1601.50000 1601.50490
1601.53000 1601.53470
1601.56000 1601.56470
1601.59000 1601.59470
1601.62000 1601.62470
1601.65000 1601.65470
1601.68000 1601.68490
1601.71000 1601.71460
1601.74000 1601.74460
1601.77000 1601.77470
1601.80000 1601.80460
1601.83000 1601.83470
1601.86000 1601.86460
1601.89000 1601.89450
1601.92000 1601.92470
1601.95000 1601.95500
1601.98000 1601.98490
1602.01000 1602.01490
1602.04000 1602.04490
1602.07000 1602.07480
1602.10000 1602.10470
1602.13000 1602.13490
1602.16000 1602.16470
1602.19000 1602.19490
1602.22000 1602.22490
1602.25000 1602.25530
1602.28000 1602.28470
1602.31000 1602.31470
1602.34000 1602.34470
1602.37000 1602.37470
1602.40000 1602.40480
1602.43000 1602.43470
1602.46000 1602.46450
1602.49000 1602.49470
1602.52000 1602.52480
1602.55000 1602.55470
1602.58000 1602.58480
1602.61000 1602.61450
1602.64000 1602.64450
1602.67000 1602.67470
1602.70000 1602.70470
1602.73000 1602.73460
1602.76000 1602.76480
1602.79000 1602.79470
1602.82000 1602.82490
1602.85000 1602.85460
1602.88000 1602.88460
1602.91000 1602.91470
1602.94000 1602.94480
1602.97000 1602.97460
1603.00000 1603.00460
1603.03000 1603.03480
1603.06000 1603.06500
1603.09000 1603.09500
1603.12000 1603.12490
1603.15000 1603.15480
1603.18000 1603.18460
1603.21000 1603.21460
1603.24000 1603.24460
1603.27000 1603.27460
1603.30000 1603.30460
1603.33000 1603.33480
1603.36000 1603.36470
1603.39000 1603.39490
1603.42000 1603.42480
1603.45000 1603.45450
1603.48000 1603.48450
1603.51000 1603.51460
1603.54000 1603.54460
1603.57000 1603.57470
1603.60000 1603.60430
1603.63000 1603.63470
1603.66000 1603.66490
1603.69000 1603.69460
1603.72000 1603.72470
1603.75000 1603.75480
1603.78000 1603.78460
1603.81000 1603.81460
1603.84000 1603.84490
1603.87000 1603.87490
1603.90000 1603.90470
1603.93000 1603.93470
1603.96000 1603.96500
1603.99000 1603.99480
1604.02000 1604.02450
1604.05000 1604.05470
1604.08000 1604.08480
1604.11000 1604.11460
1604.14000 1604.14470
1604.17000 1604.17480
1604.20000 1604.20480
1604.23000 1604.23490
1604.26000 1604.26460
1604.29000 1604.29470
1604.32000 1604.32460
1604.35000 1604.35480
1604.38000 1604.38470
1604.41000 1604.41470
1604.44000 1604.44450
1604.47000 1604.47490
1604.50000 1604.50480
1604.53000 1604.53480
1604.56000 1604.56470
1604.59000 1604.59430
1604.62000 1604.62460
1604.65000 1604.65440
1604.68000 1604.68470
1604.71000 1604.71460
1604.74000 1604.74450
1604.77000 1604.77480
1604.80000 1604.80480
1604.83000 1604.83480
1604.86000 1604.86460
1604.89000 1604.89450
1604.92000 1604.92450
1604.95000 1604.95460
1604.98000 1604.98460
1605.01000 1605.01470
1605.04000 1605.04470
1605.07000 1605.07470
1605.10000 1605.10490
1605.13000 1605.13490
1605.16000 1605.16470
1605.19000 1605.19460
1605.22000 1605.22460
1605.25000 1605.25460
1605.28000 1605.28450
1605.31000 1605.31460
1605.34000 1605.34470
1605.37000 1605.37490
1605.40000 1605.40470
1605.43000 1605.43500
1605.46000 1605.46460
1605.49000 1605.49460
1605.52000 1605.52470
1605.55000 1605.55470
1605.58000 1605.58470
1605.61000 1605.61480
1605.64000 1605.64480
1605.67000 1605.67460
1605.70000 1605.70480
1605.73000 1605.73450
1605.76000 1605.76440
1605.79000 1605.79460
1605.82000 1605.82460
1605.85000 1605.85440
1605.88000 1605.88430
1605.91000 1605.91460
1605.94000 1605.94470
1605.97000 1605.97450
1606.00000 1606.00460
1606.03000 1606.03430
1606.06000 1606.06430
1606.09000 1606.09480
1606.12000 1606.12440
1606.15000 1606.15470
1606.18000 1606.18460
1606.21000 1606.21450
1606.24000 1606.24480
1606.27000 1606.27500
1606.30000 1606.30440
1606.33000 1606.33430
1606.36000 1606.36470
1606.39000 1606.39470
1606.42000 1606.42470
1606.45000 1606.45440
1606.48000 1606.48460
1606.51000 1606.51490
1606.54000 1606.54470
1606.57000 1606.57470
1606.60000 1606.60450
1606.63000 1606.63440
1606.66000 1606.66490
1606.69000 1606.69470
1606.72000 1606.72470
1606.75000 1606.75460
1606.78000 1606.78490
1606.81000 1606.81480
1606.84000 1606.84500
1606.87000 1606.87470
1606.90000 1606.90460
1606.93000 1606.93450
1606.96000 1606.96440
1606.99000 1606.99440
1607.02000 1607.02460
1607.05000 1607.05450
1607.08000 1607.08460
1607.11000 1607.11480
1607.14000 1607.14480
1607.17000 1607.17460
1607.20000 1607.20440
1607.23000 1607.23440
1607.26000 1607.26450
1607.29000 1607.29450
1607.32000 1607.32450
1607.35000 1607.35460
1607.38000 1607.38480
1607.41000 1607.41470
1607.44000 1607.44450
1607.47000 1607.47450
1607.50000 1607.50470
1607.53000 1607.53440
1607.56000 1607.56460
1607.59000 1607.59460
1607.62000 1607.62450
1607.65000 1607.65470
1607.68000 1607.68480
1607.71000 1607.71460
1607.74000 1607.74460
1607.77000 1607.77460
1607.80000 1607.80460
1607.83000 1607.83460
1607.86000 1607.86480
1607.89000 1607.89470
1607.92000 1607.92460
1607.95000 1607.95460
1607.98000 1607.98500
1608.01000 1608.01480
1608.04000 1608.04450
1608.07000 1608.07460
1608.10000 1608.10460
1608.13000 1608.13450
1608.16000 1608.16460
1608.19000 1608.19470
1608.22000 1608.22460
1608.25000 1608.25470
1608.28000 1608.28480
1608.31000 1608.31460
1608.34000 1608.34460
1608.37000 1608.37460
1608.40000 1608.40450
1608.43000 1608.43440
1608.46000 1608.46470
1608.49000 1608.49460
1608.52000 1608.52470
1608.55000 1608.55490
1608.58000 1608.58490
1608.61000 1608.61460
1608.64000 1608.64450
1608.67000 1608.67460
1608.70000 1608.70460
1608.73000 1608.73460
1608.76000 1608.76440
1608.79000 1608.79440
1608.82000 1608.82470
1608.85000 1608.85440
1608.88000 1608.88460
1608.91000 1608.91460
1608.94000 1608.94440
1608.97000 1608.97440
1609.00000 1609.00450
1609.03000 1609.03480
1609.06000 1609.06460
1609.09000 1609.09470
1609.12000 1609.12470
1609.15000 1609.15460
1609.18000 1609.18450
1609.21000 1609.21440
1609.24000 1609.24450
1609.27000 1609.27440
1609.30000 1609.30460
1609.33000 1609.33440
1609.36000 1609.36450
1609.39000 1609.39470
1609.42000 1609.42450
1609.45000 1609.45470
1609.48000 1609.48450
1609.51000 1609.51440
1609.54000 1609.54460
1609.57000 1609.57450
1609.60000 1609.60470
1609.63000 1609.63480
1609.66000 1609.66470
1609.69000 1609.69470
1609.72000 1609.72490
1609.75000 1609.75460
1609.78000 1609.78460
1609.81000 1609.81470
1609.84000 1609.84450
1609.87000 1609.87450
1609.90000 1609.90440
1609.93000 1609.93470
1609.96000 1609.96460
1609.99000 1609.99460
1610.02000 1610.02480
1610.05000 1610.05460
1610.08000 1610.08440
1610.11000 1610.11460
1610.14000 1610.14460
1610.17000 1610.17470
1610.20000 1610.20480
1610.23000 1610.23450
1610.26000 1610.26480
1610.29000 1610.29490
1610.32000 1610.32470
1610.35000 1610.35470
1610.38000 1610.38470
1610.41000 1610.41460
1610.44000 1610.44440
1610.47000 1610.47450
1610.50000 1610.50440
1610.53000 1610.53450
1610.56000 1610.56470
1610.59000 1610.59480
1610.62000 1610.62470
1610.65000 1610.65450
1610.68000 1610.68440
1610.71000 1610.71450
1610.74000 1610.74460
1610.77000 1610.77480
1610.80000 1610.80470
1610.83000 1610.83460
1610.86000 1610.86480
1610.89000 1610.89460
1610.92000 1610.92440
1610.95000 1610.95460
1610.98000 1610.98440
1611.01000 1611.01450
1611.04000 1611.04430
1611.07000 1611.07440
1611.10000 1611.10440
1611.13000 1611.13440
1611.16000 1611.16470
1611.19000 1611.19470
1611.22000 1611.22430
1611.25000 1611.25420
1611.28000 1611.28420
1611.31000 1611.31440
1611.34000 1611.34450
1611.37000 1611.37480
1611.40000 1611.40460
1611.43000 1611.43480
1611.46000 1611.46470
1611.49000 1611.49450
1611.52000 1611.52450
1611.55000 1611.55450
1611.58000 1611.58450
1611.61000 1611.61420
1611.64000 1611.64410
1611.67000 1611.67440
1611.70000 1611.70440
1611.73000 1611.73470
1611.76000 1611.76460
1611.79000 1611.79450
1611.82000 1611.82440
1611.85000 1611.85420
1611.88000 1611.88440
1611.91000 1611.91460
1611.94000 1611.94460
1611.97000 1611.97440
1612.00000 1612.00460
1612.03000 1612.03480
1612.06000 1612.06440
1612.09000 1612.09470
1612.12000 1612.12460
1612.15000 1612.15440
1612.18000 1612.18420
1612.21000 1612.21430
1612.24000 1612.24450
1612.27000 1612.27450
1612.30000 1612.30450
1612.33000 1612.33480
1612.36000 1612.36450
1612.39000 1612.39440
1612.42000 1612.42430
1612.45000 1612.45440
1612.48000 1612.48450
1612.51000 1612.51460
1612.54000 1612.54450
1612.57000 1612.57470
1612.60000 1612.60490
1612.63000 1612.63460
1612.66000 1612.66460
1612.69000 1612.69460
1612.72000 1612.72460
1612.75000 1612.75440
1612.78000 1612.78430
1612.81000 1612.81440
1612.84000 1612.84460
1612.87000 1612.87460
1612.90000 1612.90480
1612.93000 1612.93470
1612.96000 1612.96440
1612.99000 1612.99440
1613.02000 1613.02440
1613.05000 1613.05470
1613.08000 1613.08460
1613.11000 1613.11460
1613.14000 1613.14470
1613.17000 1613.17470
1613.20000 1613.20470
1613.23000 1613.23450
1613.26000 1613.26470
1613.29000 1613.29450
1613.32000 1613.32460
1613.35000 1613.35450
1613.38000 1613.38440
1613.41000 1613.41440
1613.44000 1613.44460
1613.47000 1613.47460
1613.50000 1613.50460
1613.53000 1613.53460
1613.56000 1613.56440
1613.59000 1613.59440
1613.62000 1613.62470
1613.65000 1613.65470
1613.68000 1613.68430
1613.71000 1613.71470
1613.74000 1613.74470
1613.77000 1613.77470
1613.80000 1613.80470
1613.83000 1613.83480
1613.86000 1613.86450
1613.89000 1613.89440
1613.92000 1613.92470
1613.95000 1613.95430
1613.98000 1613.98440
1614.01000 1614.01450
1614.04000 1614.04450
1614.07000 1614.07490
1614.10000 1614.10460
1614.13000 1614.13440
1614.16000 1614.16440
1614.19000 1614.19440
1614.22000 1614.22450
1614.25000 1614.25460
1614.28000 1614.28460
1614.31000 1614.31490
1614.34000 1614.34480
1614.37000 1614.37470
1614.40000 1614.40460
1614.43000 1614.43460
1614.46000 1614.46450
1614.49000 1614.49440
1614.52000 1614.52430
1614.55000 1614.55430
1614.58000 1614.58460
1614.61000 1614.61450
1614.64000 1614.64470
1614.67000 1614.67460
1614.70000 1614.70440
1614.73000 1614.73430
1614.76000 1614.76430
1614.79000 1614.79440
1614.82000 1614.82440
1614.85000 1614.85460
1614.88000 1614.88450
1614.91000 1614.91450
1614.94000 1614.94490
1614.97000 1614.97460
1615.00000 1615.00460
1615.03000 1615.03440
1615.06000 1615.06440
1615.09000 1615.09420
1615.12000 1615.12410
1615.15000 1615.15430
1615.18000 1615.18430
1615.21000 1615.21440
1615.24000 1615.24460
1615.27000 1615.27420
1615.30000 1615.30430
1615.33000 1615.33410
1615.36000 1615.36450
1615.39000 1615.39430
1615.42000 1615.42430
1615.45000 1615.45460
1615.48000 1615.48430
1615.51000 1615.51450
1615.54000 1615.54440
1615.57000 1615.57440
1615.60000 1615.60450
1615.63000 1615.63430
1615.66000 1615.66430
1615.69000 1615.69420
1615.72000 1615.72410
1615.75000 1615.75420
1615.78000 1615.78440
1615.81000 1615.81470
1615.84000 1615.84420
1615.87000 1615.87430
1615.90000 1615.90430
1615.93000 1615.93420
1615.96000 1615.96440
1615.99000 1615.99420
1616.02000 1616.02420
1616.05000 1616.05460
1616.08000 1616.08460
1616.11000 1616.11450
1616.14000 1616.14420
1616.17000 1616.17450
1616.20000 1616.20430
1616.23000 1616.23440
1616.26000 1616.26410
1616.29000 1616.29430
1616.32000 1616.32430
1616.35000 1616.35430
1616.38000 1616.38450
1616.41000 1616.41460
1616.44000 1616.44420
1616.47000 1616.47410
1616.50000 1616.50440
1616.53000 1616.53440
1616.56000 1616.56420
1616.59000 1616.59440
1616.62000 1616.62450
1616.65000 1616.65430
1616.68000 1616.68470
1616.71000 1616.71440
1616.74000 1616.74440
1616.77000 1616.77450
1616.80000 1616.80440
1616.83000 1616.83430
1616.86000 1616.86410
1616.89000 1616.89440
1616.92000 1616.92410
1616.95000 1616.95440
1616.98000 1616.98440
1617.01000 1617.01440
1617.04000 1617.04440
1617.07000 1617.07420
1617.10000 1617.10420
1617.13000 1617.13440
1617.16000 1617.16430
1617.19000 1617.19450
1617.22000 1617.22460
1617.25000 1617.25460
1617.28000 1617.28450
1617.31000 1617.31430
1617.34000 1617.34450
1617.37000 1617.37440
1617.40000 1617.40430
1617.43000 1617.43430
1617.46000 1617.46410
1617.49000 1617.49430
1617.52000 1617.52440
1617.55000 1617.55450
1617.58000 1617.58430
1617.61000 1617.61440
1617.64000 1617.64420
1617.67000 1617.67420
1617.70000 1617.70440
1617.73000 1617.73420
1617.76000 1617.76430
1617.79000 1617.79460
1617.82000 1617.82450
1617.85000 1617.85430
1617.88000 1617.88430
1617.91000 1617.91430
1617.94000 1617.94440
1617.97000 1617.97440
1618.00000 1618.00450
1618.03000 1618.03430
1618.06000 1618.06420
1618.09000 1618.09430
1618.12000 1618.12460
1618.15000 1618.15450
1618.18000 1618.18430
1618.21000 1618.21430
1618.24000 1618.24430
1618.27000 1618.27450
1618.30000 1618.30430
1618.33000 1618.33420
1618.36000 1618.36450
1618.39000 1618.39440
1618.42000 1618.42450
1618.45000 1618.45450
1618.48000 1618.48450
1618.51000 1618.51430
1618.54000 1618.54420
1618.57000 1618.57430
1618.60000 1618.60410
1618.63000 1618.63410
1618.66000 1618.66420
1618.69000 1618.69440
1618.72000 1618.72450
1618.75000 1618.75450
1618.78000 1618.78410
1618.81000 1618.81400
1618.84000 1618.84430
1618.87000 1618.87450
1618.90000 1618.90420
1618.93000 1618.93440
1618.96000 1618.96460
1618.99000 1618.99450
1619.02000 1619.02450
1619.05000 1619.05420
1619.08000 1619.08410
1619.11000 1619.11410
1619.14000 1619.14430
1619.17000 1619.17430
1619.20000 1619.20410
1619.23000 1619.23420
1619.26000 1619.26430
1619.29000 1619.29460
1619.32000 1619.32440
1619.35000 1619.35410
1619.38000 1619.38420
1619.41000 1619.41400
1619.44000 1619.44440
1619.47000 1619.47420
1619.50000 1619.50430
1619.53000 1619.53470
1619.56000 1619.56460
1619.59000 1619.59450
1619.62000 1619.62440
1619.65000 1619.65430
1619.68000 1619.68440
1619.71000 1619.71430
1619.74000 1619.74430
1619.77000 1619.77410
1619.80000 1619.80420
1619.83000 1619.83430
1619.86000 1619.86450
1619.89000 1619.89470
1619.92000 1619.92420
1619.95000 1619.95440
1619.98000 1619.98430
1620.01000 1620.01430
1620.04000 1620.04460
1620.07000 1620.07420
1620.10000 1620.10460
1620.13000 1620.13440
1620.16000 1620.16460
1620.19000 1620.19450
1620.22000 1620.22440
1620.25000 1620.25430
1620.28000 1620.28440
1620.31000 1620.31440
1620.34000 1620.34430
1620.37000 1620.37430
1620.40000 1620.40420
1620.43000 1620.43430
1620.46000 1620.46460
1620.49000 1620.49440
1620.52000 1620.52420
1620.55000 1620.55440
1620.58000 1620.58450
1620.61000 1620.61450
1620.64000 1620.64430
1620.67000 1620.67430
1620.70000 1620.70450
1620.73000 1620.73450
1620.76000 1620.76450
1620.79000 1620.79450
1620.82000 1620.82450
1620.85000 1620.85420
1620.88000 1620.88440
1620.91000 1620.91430
1620.94000 1620.94420
1620.97000 1620.97410
1621.00000 1621.00430
1621.03000 1621.03440
1621.06000 1621.06450
1621.09000 1621.09430
1621.12000 1621.12430
1621.15000 1621.15410
1621.18000 1621.18450
1621.21000 1621.21440
1621.24000 1621.24410
1621.27000 1621.27440
1621.30000 1621.30440
1621.33000 1621.33440
1621.36000 1621.36440
1621.39000 1621.39440
1621.42000 1621.42430
1621.45000 1621.45400
1621.48000 1621.48450
1621.51000 1621.51420
1621.54000 1621.54410
1621.57000 1621.57430
1621.60000 1621.60440
1621.63000 1621.63440
1621.66000 1621.66440
1621.69000 1621.69430
1621.72000 1621.72410
1621.75000 1621.75430
1621.78000 1621.78450
1621.81000 1621.81440
1621.84000 1621.84440
1621.87000 1621.87440
1621.90000 1621.90450
1621.93000 1621.93450
1621.96000 1621.96440
1621.99000 1621.99430
1622.02000 1622.02440
1622.05000 1622.05410
1622.08000 1622.08430
1622.11000 1622.11430
1622.14000 1622.14410
1622.17000 1622.17420
1622.20000 1622.20430
1622.23000 1622.23450
1622.26000 1622.26450
1622.29000 1622.29420
1622.32000 1622.32430
1622.35000 1622.35420
1622.38000 1622.38450
1622.41000 1622.41430
1622.44000 1622.44440
1622.47000 1622.47450
1622.50000 1622.50440
1622.53000 1622.53450
1622.56000 1622.56450
1622.59000 1622.59430
1622.62000 1622.62430
1622.65000 1622.65420
1622.68000 1622.68420
1622.71000 1622.71410
1622.74000 1622.74400
1622.77000 1622.77410
1622.80000 1622.80440
1622.83000 1622.83440
1622.86000 1622.86410
1622.89000 1622.89420
1622.92000 1622.92410
1622.95000 1622.95420
1622.98000 1622.98430
1623.01000 1623.01440
1623.04000 1623.04440
1623.07000 1623.07440
1623.10000 1623.10420
1623.13000 1623.13430
1623.16000 1623.16410
1623.19000 1623.19420
1623.22000 1623.22420
1623.25000 1623.25410
1623.28000 1623.28410
1623.31000 1623.31420
1623.34000 1623.34420
1623.37000 1623.37430
1623.40000 1623.40470
1623.43000 1623.43410
1623.46000 1623.46400
1623.49000 1623.49430
1623.52000 1623.52430
1623.55000 1623.55440
1623.58000 1623.58420
1623.61000 1623.61450
1623.64000 1623.64450
1623.67000 1623.67440
1623.70000 1623.70440
1623.73000 1623.73430
1623.76000 1623.76420
1623.79000 1623.79440
1623.82000 1623.82430
1623.85000 1623.85430
1623.88000 1623.88410
1623.91000 1623.91400
1623.94000 1623.94420
1623.97000 1623.97450
1624.00000 1624.00460
1624.03000 1624.03410
1624.06000 1624.06440
1624.09000 1624.09420
1624.12000 1624.12460
1624.15000 1624.15420
1624.18000 1624.18440
1624.21000 1624.21420
1624.24000 1624.24450
1624.27000 1624.27440
1624.30000 1624.30420
1624.33000 1624.33420
1624.36000 1624.36410
1624.39000 1624.39430
1624.42000 1624.42420
1624.45000 1624.45430
1624.48000 1624.48420
1624.51000 1624.51430
1624.54000 1624.54430
1624.57000 1624.57460
1624.60000 1624.60410
1624.63000 1624.63440
1624.66000 1624.66420
1624.69000 1624.69430
1624.72000 1624.72450
1624.75000 1624.75430
1624.78000 1624.78420
1624.81000 1624.81440
1624.84000 1624.84450
1624.87000 1624.87450
1624.90000 1624.90430
1624.93000 1624.93430
1624.96000 1624.96440
1624.99000 1624.99410
1625.02000 1625.02430
1625.05000 1625.05420
1625.08000 1625.08410
1625.11000 1625.11430
1625.14000 1625.14460
1625.17000 1625.17450
1625.20000 1625.20440
1625.23000 1625.23420
1625.26000 1625.26430
1625.29000 1625.29430
1625.32000 1625.32450
1625.35000 1625.35440
1625.38000 1625.38420
1625.41000 1625.41460
1625.44000 1625.44450
1625.47000 1625.47430
1625.50000 1625.50440
1625.53000 1625.53410
1625.56000 1625.56420
1625.59000 1625.59420
1625.62000 1625.62410
1625.65000 1625.65420
1625.68000 1625.68420
1625.71000 1625.71450
1625.74000 1625.74450
1625.77000 1625.77440
1625.80000 1625.80430
1625.83000 1625.83420
1625.86000 1625.86430
1625.89000 1625.89440
1625.92000 1625.92430
1625.95000 1625.95430
1625.98000 1625.98430
1626.01000 1626.01440
1626.04000 1626.04440
1626.07000 1626.07450
1626.10000 1626.10440
1626.13000 1626.13400
1626.16000 1626.16430
1626.19000 1626.19440
1626.22000 1626.22430
1626.25000 1626.25420
1626.28000 1626.28430
1626.31000 1626.31440
1626.34000 1626.34450
1626.37000 1626.37440
1626.40000 1626.40430
1626.43000 1626.43430
1626.46000 1626.46450
1626.49000 1626.49420
1626.52000 1626.52440
1626.55000 1626.55430
1626.58000 1626.58430
1626.61000 1626.61460
1626.64000 1626.64460
1626.67000 1626.67450
1626.70000 1626.70410
1626.73000 1626.73420
1626.76000 1626.76430
1626.79000 1626.79430
1626.82000 1626.82430
1626.85000 1626.85420
1626.88000 1626.88430
1626.91000 1626.91450
1626.94000 1626.94460
1626.97000 1626.97440
1627.00000 1627.00430
1627.03000 1627.03440
1627.06000 1627.06440
1627.09000 1627.09450
1627.12000 1627.12430
1627.15000 1627.15450
1627.18000 1627.18440
1627.21000 1627.21460
1627.24000 1627.24440
1627.27000 1627.27440
1627.30000 1627.30430
1627.33000 1627.33440
1627.36000 1627.36430
1627.39000 1627.39450
1627.42000 1627.42420
1627.45000 1627.45420
1627.48000 1627.48440
1627.51000 1627.51450
1627.54000 1627.54440
1627.57000 1627.57430
1627.60000 1627.60410
1627.63000 1627.63410
1627.66000 1627.66450
1627.69000 1627.69450
1627.72000 1627.72420
1627.75000 1627.75440
1627.78000 1627.78450
1627.81000 1627.81450
1627.84000 1627.84440
1627.87000 1627.87430
1627.90000 1627.90440
1627.93000 1627.93420
1627.96000 1627.96440
1627.99000 1627.99410
1628.02000 1628.02410
1628.05000 1628.05430
1628.08000 1628.08450
1628.11000 1628.11450
1628.14000 1628.14420
1628.17000 1628.17440
1628.20000 1628.20430
1628.23000 1628.23440
1628.26000 1628.26440
1628.29000 1628.29420
1628.32000 1628.32430
1628.35000 1628.35430
1628.38000 1628.38460
1628.41000 1628.41450
1628.44000 1628.44430
1628.47000 1628.47450
1628.50000 1628.50420
1628.53000 1628.53430
1628.56000 1628.56420
1628.59000 1628.59420
1628.62000 1628.62450
1628.65000 1628.65440
1628.68000 1628.68460
1628.71000 1628.71460
1628.74000 1628.74450
1628.77000 1628.77440
1628.80000 1628.80420
1628.83000 1628.83450
1628.86000 1628.86420
1628.89000 1628.89410
1628.92000 1628.92450
1628.95000 1628.95450
1628.98000 1628.98480
1629.01000 1629.01450
1629.04000 1629.04440
1629.07000 1629.07420
1629.10000 1629.10430
1629.13000 1629.13450
1629.16000 1629.16450
1629.19000 1629.19430
1629.22000 1629.22410
1629.25000 1629.25450
1629.28000 1629.28470
1629.31000 1629.31450
1629.34000 1629.34430
1629.37000 1629.37420
1629.40000 1629.40440
1629.43000 1629.43440
1629.46000 1629.46440
1629.49000 1629.49420
1629.52000 1629.52440
1629.55000 1629.55460
1629.58000 1629.58460
1629.61000 1629.61460
1629.64000 1629.64460
1629.67000 1629.67430
1629.70000 1629.70430
1629.73000 1629.73440
1629.76000 1629.76440
1629.79000 1629.79440
1629.82000 1629.82430
1629.85000 1629.85470
1629.88000 1629.88450
1629.91000 1629.91450
1629.94000 1629.94420
1629.97000 1629.97430
1630.00000 1630.00440
1630.03000 1630.03460
1630.06000 1630.06430
1630.09000 1630.09450
1630.12000 1630.12450
1630.15000 1630.15480
1630.18000 1630.18450
1630.21000 1630.21460
1630.24000 1630.24430
1630.27000 1630.27430
1630.30000 1630.30430
1630.33000 1630.33430
1630.36000 1630.36460
1630.39000 1630.39440
1630.42000 1630.42440
1630.45000 1630.45480
1630.48000 1630.48450
1630.51000 1630.51460
1630.54000 1630.54420
1630.57000 1630.57440
1630.60000 1630.60460
1630.63000 1630.63470
1630.66000 1630.66410
1630.69000 1630.69440
1630.72000 1630.72460
1630.75000 1630.75470
1630.78000 1630.78460
1630.81000 1630.81450
1630.84000 1630.84430
1630.87000 1630.87420
1630.90000 1630.90440
1630.93000 1630.93440
1630.96000 1630.96440
1630.99000 1630.99440
1631.02000 1631.02450
1631.05000 1631.05460
1631.08000 1631.08470
1631.11000 1631.11450
1631.14000 1631.14430
1631.17000 1631.17450
1631.20000 1631.20450
1631.23000 1631.23440
1631.26000 1631.26420
1631.29000 1631.29450
1631.32000 1631.32460
1631.35000 1631.35480
1631.38000 1631.38450
1631.41000 1631.41440
1631.44000 1631.44440
1631.47000 1631.47430
1631.50000 1631.50440
1631.53000 1631.53440
1631.56000 1631.56430
1631.59000 1631.59440
1631.62000 1631.62450
1631.65000 1631.65440
1631.68000 1631.68450
1631.71000 1631.71430
1631.74000 1631.74430
1631.77000 1631.77430
1631.80000 1631.80470
1631.83000 1631.83440
1631.86000 1631.86450
1631.89000 1631.89450
1631.92000 1631.92460
1631.95000 1631.95460
1631.98000 1631.98450
1632.01000 1632.01440
1632.04000 1632.04420
1632.07000 1632.07430
1632.10000 1632.10440
1632.13000 1632.13460
1632.16000 1632.16450
1632.19000 1632.19440
1632.22000 1632.22460
1632.25000 1632.25470
1632.28000 1632.28450
1632.31000 1632.31440
1632.34000 1632.34420
1632.37000 1632.37440
1632.40000 1632.40440
1632.43000 1632.43430
1632.46000 1632.46410
1632.49000 1632.49460
1632.52000 1632.52450
1632.55000 1632.55450
1632.58000 1632.58460
1632.61000 1632.61420
1632.64000 1632.64410
1632.67000 1632.67420
1632.70000 1632.70430
1632.73000 1632.73440
1632.76000 1632.76430
1632.79000 1632.79450
1632.82000 1632.82480
1632.85000 1632.85470
1632.88000 1632.88440
1632.91000 1632.91420
1632.94000 1632.94450
1632.97000 1632.97450
1633.00000 1633.00460
1633.03000 1633.03440
1633.06000 1633.06430
1633.09000 1633.09450
1633.12000 1633.12470
1633.15000 1633.15450
1633.18000 1633.18410
1633.21000 1633.21440
1633.24000 1633.24410
1633.27000 1633.27430
1633.30000 1633.30470
1633.33000 1633.33450
1633.36000 1633.36460
1633.39000 1633.39460
1633.42000 1633.42450
1633.45000 1633.45470
1633.48000 1633.48450
1633.51000 1633.51440
1633.54000 1633.54410
1633.57000 1633.57450
1633.60000 1633.60450
1633.63000 1633.63430
1633.66000 1633.66430
1633.69000 1633.69460
1633.72000 1633.72470
1633.75000 1633.75450
1633.78000 1633.78440
1633.81000 1633.81410
1633.84000 1633.84410
1633.87000 1633.87420
1633.90000 1633.90440
1633.93000 1633.93450
1633.96000 1633.96450
1633.99000 1633.99460
1634.02000 1634.02470
1634.05000 1634.05490
1634.08000 1634.08460
1634.11000 1634.11430
1634.14000 1634.14450
1634.17000 1634.17460
1634.20000 1634.20450
1634.23000 1634.23430
1634.26000 1634.26440
1634.29000 1634.29440
1634.32000 1634.32480
1634.35000 1634.35450
1634.38000 1634.38410
1634.41000 1634.41410
1634.44000 1634.44430
1634.47000 1634.47430
1634.50000 1634.50410
1634.53000 1634.53450
1634.56000 1634.56450
1634.59000 1634.59460
1634.62000 1634.62480
1634.65000 1634.65480
1634.68000 1634.68450
1634.71000 1634.71440
1634.74000 1634.74430
1634.77000 1634.77450
1634.80000 1634.80450
1634.83000 1634.83440
1634.86000 1634.86430
1634.89000 1634.89470
1634.92000 1634.92490
1634.95000 1634.95460
1634.98000 1634.98430
1635.01000 1635.01400
1635.04000 1635.04420
1635.07000 1635.07440
1635.10000 1635.10440
1635.13000 1635.13440
1635.16000 1635.16470
1635.19000 1635.19480
1635.22000 1635.22470
1635.25000 1635.25480
1635.28000 1635.28440
1635.31000 1635.31430
1635.34000 1635.34430
1635.37000 1635.37450
1635.40000 1635.40440
1635.43000 1635.43450
1635.46000 1635.46460
1635.49000 1635.49460
1635.52000 1635.52480
1635.55000 1635.55450
1635.58000 1635.58400
1635.61000 1635.61420
1635.64000 1635.64440
1635.67000 1635.67430
1635.70000 1635.70430
1635.73000 1635.73440
1635.76000 1635.76450
1635.79000 1635.79450
1635.82000 1635.82480
1635.85000 1635.85450
1635.88000 1635.88430
1635.91000 1635.91440
1635.94000 1635.94430
1635.97000 1635.97470
1636.00000 1636.00430
1636.03000 1636.03440
1636.06000 1636.06450
1636.09000 1636.09480
1636.12000 1636.12470
1636.15000 1636.15430
1636.18000 1636.18440
1636.21000 1636.21420
1636.24000 1636.24420
1636.27000 1636.27440
1636.30000 1636.30430
1636.33000 1636.33430
1636.36000 1636.36470
1636.39000 1636.39470
1636.42000 1636.42470
1636.45000 1636.45460
1636.48000 1636.48420
1636.51000 1636.51400
1636.54000 1636.54440
1636.57000 1636.57460
1636.60000 1636.60440
1636.63000 1636.63450
1636.66000 1636.66460
1636.69000 1636.69480
1636.72000 1636.72470
1636.75000 1636.75430
1636.78000 1636.78420
1636.81000 1636.81400
1636.84000 1636.84430
1636.87000 1636.87420
1636.90000 1636.90440
1636.93000 1636.93450
1636.96000 1636.96450
1636.99000 1636.99470
1637.02000 1637.02480
1637.05000 1637.05440
1637.08000 1637.08440
1637.11000 1637.11410
1637.14000 1637.14420
1637.17000 1637.17460
1637.20000 1637.20430
1637.23000 1637.23450
1637.26000 1637.26450
1637.29000 1637.29490
1637.32000 1637.32470
1637.35000 1637.35440
1637.38000 1637.38420
1637.41000 1637.41380
1637.44000 1637.44430
1637.47000 1637.47430
1637.50000 1637.50430
1637.53000 1637.53460
1637.56000 1637.56480
1637.59000 1637.59460
1637.62000 1637.62490
1637.65000 1637.65480
1637.68000 1637.68420
1637.71000 1637.71410
1637.74000 1637.74440
1637.77000 1637.77470
1637.80000 1637.80430
1637.83000 1637.83440
1637.86000 1637.86480
1637.89000 1637.89460
1637.92000 1637.92470
1637.95000 1637.95440
1637.98000 1637.98390
1638.01000 1638.01400
1638.04000 1638.04430
1638.07000 1638.07440
1638.10000 1638.10450
1638.13000 1638.13460
1638.16000 1638.16470
1638.19000 1638.19440
1638.22000 1638.22460
1638.25000 1638.25460
1638.28000 1638.28410
1638.31000 1638.31420
1638.34000 1638.34440
1638.37000 1638.37450
1638.40000 1638.40420
1638.43000 1638.43440
1638.46000 1638.46450
1638.49000 1638.49480
1638.52000 1638.52470
1638.55000 1638.55440
1638.58000 1638.58400
1638.61000 1638.61410
1638.64000 1638.64450
1638.67000 1638.67440
1638.70000 1638.70440
1638.73000 1638.73470
1638.76000 1638.76480
1638.79000 1638.79470
1638.82000 1638.82460
1638.85000 1638.85440
1638.88000 1638.88410
1638.91000 1638.91390
1638.94000 1638.94430
1638.97000 1638.97440
1639.00000 1639.00400
1639.03000 1639.03430
1639.06000 1639.06450
1639.09000 1639.09460
1639.12000 1639.12460
1639.15000 1639.15420
1639.18000 1639.18410
1639.21000 1639.21390
1639.24000 1639.24420
1639.27000 1639.27440
1639.30000 1639.30430
1639.33000 1639.33450
1639.36000 1639.36460
1639.39000 1639.39450
1639.42000 1639.42440
1639.45000 1639.45400
1639.48000 1639.48400
1639.51000 1639.51410
1639.54000 1639.54440
1639.57000 1639.57430
1639.60000 1639.60430
1639.63000 1639.63430
1639.66000 1639.66440
1639.69000 1639.69450
1639.72000 1639.72430
1639.75000 1639.75390
1639.78000 1639.78400
1639.81000 1639.81390
1639.84000 1639.84430
1639.87000 1639.87450
1639.90000 1639.90440
1639.93000 1639.93440
1639.96000 1639.96440
1639.99000 1639.99450
